 -3.570  -2.220  -4.189
 -2.309  -1.446  -2.563
 -3.278  -2.198  -1.941
 -4.008  -2.643  -2.960
 -4.881  -3.278  -2.861
 -0.423  -0.048  -2.920
 -0.699  -0.143  -4.247
 -0.019   0.404  -4.898
 -1.685  -0.807  -4.852
 -2.457  -1.447  -3.951
 -1.224  -0.703  -2.048
 -1.031  -0.583  -0.720
 -1.641  -1.130  -0.120
 -4.103  -2.556  -5.500
 -3.676  -3.494  -5.863
 -3.837  -1.751  -6.185
 -5.189  -2.644  -5.436
 -0.009  -0.537   4.132
 -0.034  -0.834   5.180
  1.194  -0.311   3.497
  1.213  -0.045   2.117
  2.139  -0.402   4.023
  2.527   0.053   1.394
  2.659   1.065   0.972
  3.607  -0.259   2.260
  4.328  -0.513   1.649
  2.475  -0.946   0.252
  2.223  -1.924   0.678
  3.755  -1.080  -0.360
  3.750  -0.412  -1.078
  1.427  -0.515  -0.759
  1.144  -1.383  -1.367
  2.063   0.461  -1.586
  1.414   0.580  -2.319
  0.119   0.097  -0.144
  0.026   0.048   1.378
  0.122   1.140  -0.499
 -2.493   0.540   1.536
 -3.709   0.189   2.198
 -3.661  -0.412   3.496
 -4.597  -0.666   3.992
 -2.465  -0.623   4.113
 -2.428  -0.997   5.136
 -1.228  -0.342   3.450
 -1.226   0.059   2.076
 -2.586   1.370   0.392
 -1.685   1.776  -0.054
 -3.813   1.773  -0.110
 -3.846   2.423  -0.981
 -5.008   1.339   0.491
 -5.969   1.644   0.082
 -4.949   0.593   1.653
 -5.864   0.302   2.167
