  4.294  -0.628  -1.096
  2.347  -0.723  -0.071
  2.872   0.505   0.261
  4.039   0.513  -0.378
  4.751   1.330  -0.349
  0.883  -2.573  -0.212
  1.804  -3.151  -1.022
  1.544  -4.145  -1.378
  2.982  -2.668  -1.428
  3.201  -1.446  -0.910
  1.118  -1.332   0.261
  0.275  -0.714   1.137
  0.683   0.161   1.462
  5.435  -0.923  -1.947
  5.276  -0.536  -2.956
  5.549  -2.006  -1.991
  6.331  -0.473  -1.515
 -2.445   1.877  -2.176
 -2.667   2.415  -3.097
 -3.250   0.842  -1.755
 -2.883   0.065  -0.635
 -4.125   0.549  -2.329
 -3.783  -1.107  -0.323
 -4.767  -0.720  -0.011
 -3.903  -1.854  -1.544
 -4.605  -2.516  -1.401
 -3.258  -2.007   0.789
 -3.644  -3.027   0.633
 -3.712  -1.496   2.042
 -3.274  -2.048   2.718
 -1.752  -2.056   0.710
 -1.479  -2.297  -0.324
 -1.291  -3.054   1.605
 -0.397  -3.273   1.265
 -1.192  -0.679   1.085
 -1.737   0.374   0.110
 -1.533  -0.490   2.108
 -0.136   2.269   0.742
  0.743   3.275   0.240
  0.550   3.782  -1.083
  1.224   4.552  -1.456
 -0.493   3.339  -1.843
 -0.701   3.789  -2.813
 -1.353   2.291  -1.384
 -1.056   1.605  -0.167
 -0.106   2.008   2.134
 -0.864   1.365   2.573
  0.817   2.624   2.966
  0.807   2.406   4.032
  1.752   3.533   2.441
  2.481   4.005   3.095
  1.682   3.880   1.105
  2.354   4.635   0.698
