 -4.027  -1.738  -3.706
 -2.302  -1.559  -2.353
 -3.216  -2.326  -1.671
 -4.230  -2.411  -2.527
 -5.150  -2.953  -2.341
 -0.397  -0.223  -2.831
 -0.969   0.030  -4.037
 -0.385   0.663  -4.702
 -2.147  -0.390  -4.507
 -2.773  -1.178  -3.613
 -1.073  -1.000  -1.959
 -0.548  -1.225  -0.726
 -1.196  -1.656  -0.070
 -4.903  -1.667  -4.865
 -4.737  -2.518  -5.530
 -4.676  -0.744  -5.399
 -5.941  -1.656  -4.531
 -0.151  -0.157   4.091
 -0.273  -0.276   5.167
  1.101   0.055   3.549
  1.258   0.081   2.152
  1.984   0.121   4.175
  2.637   0.181   1.558
  2.760   1.157   1.058
  3.626   0.023   2.567
  4.435  -0.207   2.065
  2.796  -0.914   0.514
  2.590  -1.874   1.001
  4.145  -0.965   0.052
  4.171  -0.336  -0.698
  1.830  -0.682  -0.630
  1.732  -1.601  -1.220
  2.415   0.348  -1.437
  1.819   0.417  -2.212
  0.402  -0.253  -0.189
  0.153  -0.029   1.296
  0.251   0.691  -0.732
 -2.396   0.236   1.111
 -3.648  -0.135   1.690
 -3.704  -0.500   3.073
 -4.666  -0.769   3.507
 -2.577  -0.472   3.840
 -2.632  -0.663   4.911
 -1.296  -0.179   3.269
 -1.167  -0.017   1.854
 -2.424   0.866  -0.156
 -1.515   1.293  -0.565
 -3.610   1.051  -0.850
 -3.591   1.554  -1.815
 -4.824   0.582  -0.319
 -5.752   0.716  -0.871
 -4.841   0.039   0.954
 -5.783  -0.265   1.410
