  3.892   0.169  -0.882
  2.161  -0.674   0.190
  2.959  -0.127   1.166
  3.979   0.368   0.473
  4.832   0.875   0.910
  0.329  -1.685  -0.911
  1.007  -1.519  -2.067
  0.520  -1.917  -2.956
  2.190  -0.913  -2.257
  2.713  -0.510  -1.092
  0.868  -1.213   0.222
  0.124  -1.278   1.397
  0.629  -0.751   2.114
  4.791   0.637  -1.922
  4.359   1.501  -2.433
  4.945  -0.166  -2.645
  5.743   0.912  -1.466
 -1.840   1.122  -2.474
 -1.883   1.476  -3.503
 -2.848   0.339  -1.957
 -2.721  -0.228  -0.672
 -3.705   0.064  -2.567
 -3.826  -1.162  -0.241
 -4.758  -0.579  -0.156
 -3.948  -2.150  -1.275
 -4.765  -2.650  -1.093
 -3.574  -1.836   1.102
 -4.149  -2.775   1.142
 -3.998  -0.954   2.142
 -3.696  -1.379   2.967
 -2.107  -2.142   1.226
 -1.775  -2.709   0.346
 -1.924  -2.884   2.432
 -0.954  -2.957   2.526
 -1.299  -0.844   1.311
 -1.606   0.056   0.123
 -1.559  -0.397   2.274
  0.263   1.745   0.568
  1.330   2.497  -0.016
  1.329   2.751  -1.422
  2.145   3.330  -1.853
  0.297   2.313  -2.201
  0.253   2.575  -3.258
 -0.769   1.535  -1.651
 -0.699   1.085  -0.298
  0.183   1.715   1.981
 -0.691   1.285   2.456
  1.122   2.355   2.776
  1.015   2.329   3.858
  2.205   3.036   2.194
  2.939   3.534   2.823
  2.281   3.132   0.817
  3.077   3.712   0.349
