 -3.031  -3.059  -0.786
 -1.441  -1.647  -1.382
 -0.857  -2.495  -0.469
 -1.852  -3.309  -0.132
 -1.761  -4.126   0.575
 -1.766   0.028  -3.022
 -3.003  -0.478  -3.212
 -3.579  -0.019  -4.012
 -3.616  -1.450  -2.519
 -2.787  -1.988  -1.614
 -0.996  -0.495  -2.052
  0.243   0.088  -1.849
  0.323   0.846  -2.530
 -4.318  -3.706  -0.607
 -4.796  -3.805  -1.583
 -4.954  -3.105   0.048
 -4.160  -4.693  -0.170
 -1.738  -1.203   2.574
 -2.378  -1.725   3.285
 -0.369  -1.320   2.645
  0.435  -0.757   1.638
  0.100  -1.950   3.394
  1.890  -1.144   1.635
  2.476  -0.381   2.172
  2.055  -2.407   2.279
  2.951  -2.690   2.008
  2.408  -1.232   0.213
  1.844  -2.006  -0.319
  3.782  -1.633   0.221
  4.266  -0.828   0.494
  2.227   0.109  -0.450
  2.615   0.068  -1.477
  3.011   1.022   0.341
  3.161   1.823  -0.191
  0.750   0.537  -0.519
 -0.110   0.087   0.657
  0.793   1.631  -0.546
 -2.217   1.314  -0.171
 -3.613   1.125  -0.421
 -4.364   0.220   0.390
 -5.432   0.112   0.205
 -3.753  -0.461   1.401
 -4.333  -1.077   2.088
 -2.336  -0.391   1.588
 -1.521   0.359   0.682
 -1.599   2.425  -0.794
 -0.600   2.720  -0.496
 -2.284   3.241  -1.679
 -1.776   4.093  -2.125
 -3.623   2.971  -2.009
 -4.151   3.600  -2.722
 -4.286   1.955  -1.346
 -5.344   1.774  -1.531
