  4.469  -1.063  -1.250
  2.466  -0.881  -0.359
  2.911   0.411  -0.517
  4.116   0.248  -1.057
  4.787   1.057  -1.324
  1.105  -2.729   0.192
  2.102  -3.516  -0.285
  1.907  -4.585  -0.229
  3.279  -3.156  -0.800
  3.403  -1.814  -0.805
  1.248  -1.387   0.156
  0.346  -0.504   0.643
  0.695   0.449   0.564
  5.678  -1.591  -1.862
  5.571  -1.643  -2.948
  5.841  -2.594  -1.467
  6.522  -0.950  -1.603
 -2.802   2.231  -1.950
 -3.139   2.873  -2.762
 -3.457   1.056  -1.662
 -2.944   0.177  -0.687
 -4.330   0.750  -2.234
 -3.686  -1.124  -0.532
 -4.742  -0.896  -0.314
 -3.570  -1.809  -1.790
 -4.164  -2.581  -1.747
 -3.146  -1.988   0.588
 -3.494  -3.025   0.446
 -3.624  -1.472   1.828
 -3.156  -1.992   2.510
 -1.638  -1.998   0.556
 -1.310  -2.316  -0.442
 -1.228  -2.915   1.562
 -0.302  -3.145   1.301
 -1.107  -0.595   0.872
 -1.799   0.499   0.049
 -1.304  -0.467   1.941
 -0.306   2.440   0.846
  0.419   3.602   0.434
  0.048   4.282  -0.767
  0.603   5.171  -1.062
 -1.008   3.841  -1.505
 -1.348   4.400  -2.376
 -1.710   2.643  -1.157
 -1.253   1.823  -0.078
 -0.072   1.965   2.162
 -0.684   1.167   2.563
  0.865   2.558   2.994
  1.005   2.169   4.000
  1.634   3.644   2.545
  2.379   4.096   3.196
  1.382   4.177   1.295
  1.927   5.055   0.951
