  4.402  -0.883  -1.178
  2.421  -0.817  -0.223
  2.912   0.464  -0.126
  4.103   0.373  -0.713
  4.800   1.195  -0.824
  0.994  -2.690  -0.038
  1.953  -3.396  -0.686
  1.719  -4.447  -0.846
  3.137  -2.979  -1.140
  3.316  -1.671  -0.871
  1.190  -1.375   0.194
  0.327  -0.592   0.889
  0.720   0.338   1.026
  5.581  -1.315  -1.912
  5.455  -1.141  -2.983
  5.712  -2.382  -1.735
  6.452  -0.768  -1.548
 -2.637   2.073  -2.063
 -2.919   2.666  -2.932
 -3.360   0.958  -1.706
 -2.915   0.127  -0.657
 -4.233   0.654  -2.279
 -3.729  -1.120  -0.421
 -4.756  -0.819  -0.154
 -3.726  -1.843  -1.663
 -4.371  -2.568  -1.569
 -3.187  -1.995   0.695
 -3.549  -3.026   0.550
 -3.650  -1.482   1.942
 -3.195  -2.017   2.621
 -1.680  -2.018   0.631
 -1.386  -2.292  -0.389
 -1.229  -2.976   1.576
 -0.334  -3.220   1.241
 -1.141  -0.628   0.979
 -1.770   0.448   0.081
 -1.411  -0.474   2.029
 -0.242   2.380   0.802
  0.557   3.472   0.344
  0.275   4.071  -0.923
  0.888   4.906  -1.260
 -0.772   3.625  -1.674
 -1.047   4.134  -2.598
 -1.548   2.493  -1.269
 -1.168   1.736  -0.118
 -0.116   2.009   2.165
 -0.800   1.279   2.586
  0.808   2.615   3.001
  0.869   2.309   4.043
  1.659   3.621   2.511
  2.392   4.086   3.166
  1.502   4.065   1.211
  2.110   4.886   0.834
