 -3.909  -1.808  -3.920
 -2.325  -1.503  -2.424
 -3.295  -2.233  -1.778
 -4.221  -2.395  -2.719
 -5.152  -2.933  -2.581
 -0.367  -0.222  -2.833
 -0.831  -0.055  -4.099
 -0.188   0.532  -4.752
 -1.963  -0.509  -4.641
 -2.673  -1.226  -3.749
 -1.116  -0.942  -1.969
 -0.694  -1.101  -0.691
 -1.380  -1.496  -0.054
 -4.668  -1.836  -5.161
 -4.432  -2.733  -5.739
 -4.395  -0.953  -5.739
 -5.734  -1.814  -4.931
 -0.071  -0.184   4.143
 -0.151  -0.319   5.221
  1.161   0.015   3.553
  1.261   0.068   2.152
  2.071   0.056   4.143
  2.615   0.157   1.503
  2.732   1.135   1.005
  3.644  -0.024   2.467
  4.424  -0.269   1.930
  2.708  -0.932   0.447
  2.497  -1.891   0.934
  4.035  -1.012  -0.070
  4.041  -0.385  -0.822
  1.704  -0.666  -0.657
  1.550  -1.582  -1.240
  2.291   0.340  -1.489
  1.664   0.409  -2.243
  0.307  -0.183  -0.160
  0.121  -0.011   1.341
  0.182   0.787  -0.663
 -2.431   0.294   1.263
 -3.663  -0.064   1.892
 -3.668  -0.444   3.271
 -4.616  -0.701   3.742
 -2.510  -0.448   3.990
 -2.522  -0.653   5.059
 -1.249  -0.172   3.368
 -1.175   0.013   1.952
 -2.504   0.928  -0.001
 -1.609   1.348  -0.446
 -3.715   1.123  -0.646
 -3.730   1.626  -1.611
 -4.912   0.668  -0.066
 -5.860   0.809  -0.582
 -4.884   0.125   1.205
 -5.809  -0.170   1.698
