  4.553  -1.251  -1.277
  2.493  -0.927  -0.579
  2.811   0.199  -1.300
  4.057  -0.045  -1.701
  4.655   0.631  -2.301
  1.301  -2.482   0.741
  2.402  -3.275   0.679
  2.314  -4.221   1.208
  3.562  -3.043   0.066
  3.544  -1.844  -0.551
  1.310  -1.291   0.109
  0.283  -0.418   0.154
  0.455   0.420  -0.397
  5.846  -1.848  -1.572
  5.814  -2.391  -2.520
  6.084  -2.543  -0.767
  6.602  -1.063  -1.620
 -3.157   2.493  -1.627
 -3.609   3.235  -2.284
 -3.717   1.247  -1.482
 -3.072   0.265  -0.706
 -4.624   0.977  -2.020
 -3.701  -1.099  -0.738
 -4.784  -0.984  -0.574
 -3.445  -1.634  -2.047
 -3.951  -2.465  -2.116
 -3.153  -2.017   0.326
 -3.488  -3.050   0.130
 -3.633  -1.569   1.589
 -3.112  -2.086   2.236
 -1.642  -2.012   0.322
 -1.271  -2.352  -0.655
 -1.299  -2.915   1.369
 -0.308  -2.951   1.365
 -1.100  -0.597   0.624
 -1.894   0.548  -0.010
 -1.135  -0.536   1.717
 -0.328   2.421   0.858
  0.291   3.668   0.525
 -0.277   4.505  -0.484
  0.200   5.458  -0.706
 -1.407   4.119  -1.138
 -1.884   4.781  -1.859
 -2.005   2.843  -0.893
 -1.389   1.900  -0.008
  0.150   1.764   2.019
 -0.356   0.885   2.391
  1.191   2.277   2.776
  1.511   1.743   3.667
  1.843   3.460   2.390
  2.671   3.849   2.978
  1.365   4.161   1.301
  1.818   5.109   1.014
