 -3.882  -2.942  -1.429
 -1.844  -2.104  -1.493
 -1.779  -3.149  -0.600
 -3.025  -3.612  -0.593
 -3.364  -4.455  -0.001
 -1.257  -0.191  -2.755
 -2.534  -0.175  -3.198
 -2.776   0.623  -3.896
 -3.542  -1.004  -2.879
 -3.136  -1.947  -2.019
 -0.897  -1.148  -1.889
  0.393  -1.145  -1.361
  0.468  -1.924  -0.702
 -5.315  -3.125  -1.580
 -5.589  -2.847  -2.599
 -5.857  -2.489  -0.875
 -5.564  -4.172  -1.403
 -1.245  -1.312   2.758
 -1.769  -1.902   3.510
  0.133  -1.207   2.790
  0.812  -0.582   1.724
  0.713  -1.693   3.568
  2.320  -0.558   1.711
  2.648   0.421   2.100
  2.832  -1.599   2.540
  3.796  -1.579   2.383
  2.893  -0.705   0.308
  2.720  -1.732  -0.034
  4.313  -0.540   0.357
  4.441   0.428   0.399
  2.256   0.280  -0.650
  2.656   0.118  -1.660
  2.633   1.577  -0.153
  2.473   2.223  -0.863
  0.743   0.131  -0.683
  0.098   0.049   0.696
  0.328   0.915  -1.317
 -2.115   1.064  -0.008
 -3.515   0.825  -0.136
 -4.137  -0.145   0.714
 -5.212  -0.307   0.624
 -3.414  -0.797   1.675
 -3.911  -1.454   2.389
 -1.998  -0.619   1.784
 -1.321   0.163   0.803
 -1.572   2.213  -0.628
 -0.545   2.497  -0.409
 -2.357   3.035  -1.419
 -1.922   3.923  -1.873
 -3.715   2.734  -1.630
 -4.325   3.377  -2.261
 -4.291   1.666  -0.966
 -5.355   1.460  -1.073
