 -3.464  -3.100  -0.996
 -1.591  -2.038  -1.479
 -1.225  -3.036  -0.606
 -2.383  -3.632  -0.338
 -2.495  -4.484   0.324
 -1.511  -0.111  -2.846
 -2.837  -0.276  -3.051
 -3.304   0.449  -3.713
 -3.650  -1.212  -2.530
 -2.974  -2.055  -1.743
 -0.874  -0.982  -2.051
  0.499  -0.770  -1.818
  0.847  -1.660  -1.441
 -4.865  -3.456  -0.861
 -5.323  -3.475  -1.851
 -5.377  -2.718  -0.239
 -4.933  -4.444  -0.403
 -1.576  -1.452   2.392
 -2.177  -2.049   3.078
 -0.200  -1.462   2.475
  0.563  -0.793   1.501
  0.314  -2.060   3.222
  2.067  -0.855   1.623
  2.393   0.037   2.184
  2.453  -2.030   2.334
  3.428  -2.036   2.276
  2.776  -0.828   0.281
  2.602  -1.786  -0.221
  4.189  -0.745   0.484
  4.347   0.197   0.693
  2.271   0.326  -0.558
  2.762   0.314  -1.541
  2.645   1.504   0.179
  2.575   2.264  -0.424
  0.765   0.264  -0.765
 -0.047  -0.010   0.502
  0.468   1.200  -1.241
 -2.179   1.227  -0.160
 -3.593   1.106  -0.323
 -4.311   0.141   0.450
 -5.393   0.079   0.335
 -3.654  -0.650   1.349
 -4.209  -1.310   2.016
 -2.228  -0.607   1.471
 -1.462   0.197   0.568
 -1.552   2.380  -0.690
 -0.523   2.596  -0.419
 -2.259   3.302  -1.442
 -1.753   4.184  -1.828
 -3.628   3.109  -1.705
 -4.176   3.829  -2.308
 -4.290   2.052  -1.108
 -5.365   1.931  -1.238
