 -4.134  -1.904  -3.305
 -2.720  -0.684  -2.140
 -3.957  -0.424  -1.597
 -4.770  -1.181  -2.328
 -5.845  -1.238  -2.196
 -0.388  -0.655  -2.525
 -0.614  -1.544  -3.522
  0.275  -1.865  -4.060
 -1.774  -2.071  -3.931
 -2.795  -1.599  -3.193
 -1.430  -0.213  -1.805
 -1.314   0.736  -0.830
 -2.199   0.850  -0.339
 -4.707  -2.864  -4.234
 -4.736  -3.862  -3.790
 -4.079  -2.884  -5.125
 -5.717  -2.548  -4.499
 -0.263  -1.462   3.510
 -0.337  -2.158   4.345
  0.846  -1.465   2.697
  0.930  -0.590   1.587
  1.677  -2.137   2.889
  2.211  -0.550   0.799
  2.859   0.227   1.239
  2.867  -1.816   0.873
  3.575  -1.753   0.202
  1.968  -0.197  -0.655
  1.422  -1.009  -1.134
  3.225  -0.094  -1.333
  3.570   0.781  -1.064
  1.184   1.094  -0.779
  0.999   1.301  -1.838
  2.058   2.092  -0.210
  1.773   2.960  -0.544
 -0.145   1.090  -0.003
 -0.124   0.262   1.274
 -0.309   2.143   0.268
 -2.283   1.312   2.021
 -2.220   2.083   1.256
 -3.350   1.355   2.897
 -4.125   2.106   2.762
 -3.450   0.425   3.953
 -4.299   0.461   4.632
 -2.441  -0.494   4.150
 -2.491  -1.200   4.978
 -1.328  -0.557   3.273
 -1.238   0.358   2.172
