  4.500  -1.198  -1.318
  2.483  -0.917  -0.487
  2.856   0.319  -0.959
  4.072   0.099  -1.451
  4.697   0.854  -1.913
  1.226  -2.649   0.508
  2.270  -3.471   0.233
  2.134  -4.504   0.548
  3.428  -3.181  -0.361
  3.475  -1.876  -0.698
  1.294  -1.351   0.148
  0.335  -0.436   0.410
  0.597   0.484   0.063
  5.743  -1.790  -1.788
  5.650  -2.111  -2.828
  5.958  -2.655  -1.161
  6.546  -1.057  -1.698
 -2.963   2.371  -1.813
 -3.354   3.064  -2.557
 -3.559   1.151  -1.605
 -2.982   0.222  -0.717
 -4.437   0.854  -2.174
 -3.654  -1.122  -0.662
 -4.732  -0.963  -0.497
 -3.429  -1.743  -1.938
 -3.969  -2.555  -1.957
 -3.127  -1.997   0.451
 -3.462  -3.036   0.290
 -3.629  -1.500   1.688
 -3.145  -2.009   2.367
 -1.617  -1.995   0.463
 -1.246  -2.342  -0.511
 -1.266  -2.886   1.516
 -0.294  -3.035   1.391
 -1.091  -0.579   0.761
 -1.835   0.535   0.017
 -1.217  -0.479   1.843
 -0.338   2.457   0.879
  0.323   3.674   0.515
 -0.142   4.434  -0.601
  0.365   5.364  -0.852
 -1.220   4.010  -1.317
 -1.626   4.621  -2.122
 -1.857   2.762  -1.030
 -1.325   1.881  -0.035
  0.014   1.886   2.128
 -0.537   1.036   2.508
  0.984   2.448   2.942
  1.209   1.982   3.898
  1.684   3.596   2.534
  2.456   4.024   3.169
  1.324   4.216   1.353
  1.815   5.138   1.044
