 -3.217  -3.023  -0.792
 -1.517  -1.728  -1.351
 -1.017  -2.603  -0.415
 -2.075  -3.343  -0.102
 -2.062  -4.158   0.614
 -1.665  -0.069  -3.034
 -2.940  -0.471  -3.236
 -3.466   0.029  -4.047
 -3.639  -1.388  -2.550
 -2.878  -1.976  -1.617
 -0.957  -0.647  -2.051
  0.357  -0.228  -1.846
  0.572   0.401  -2.624
 -4.548  -3.581  -0.645
 -5.011  -3.643  -1.631
 -5.156  -2.942   0.001
 -4.468  -4.579  -0.210
 -1.672  -1.249   2.560
 -2.301  -1.778   3.276
 -0.301  -1.360   2.616
  0.490  -0.789   1.603
  0.180  -1.986   3.362
  1.960  -1.116   1.617
  2.492  -0.344   2.198
  2.165  -2.391   2.226
  3.090  -2.612   2.001
  2.530  -1.126   0.213
  2.056  -1.930  -0.357
  3.932  -1.412   0.264
  4.339  -0.581   0.580
  2.258   0.206  -0.439
  2.709   0.216  -1.442
  2.902   1.179   0.401
  2.952   2.015  -0.095
  0.756   0.471  -0.578
 -0.072   0.045   0.625
  0.662   1.546  -0.743
 -2.187   1.279  -0.167
 -3.582   1.078  -0.416
 -4.323   0.166   0.397
 -5.392   0.055   0.220
 -3.704  -0.507   1.410
 -4.278  -1.123   2.101
 -2.285  -0.435   1.585
 -1.482   0.317   0.671
 -1.590   2.422  -0.751
 -0.606   2.739  -0.425
 -2.285   3.242  -1.626
 -1.794   4.118  -2.042
 -3.614   2.949  -1.975
 -4.149   3.581  -2.680
 -4.263   1.911  -1.332
 -5.318   1.718  -1.523
