  4.443  -0.981  -1.210
  2.448  -0.853  -0.292
  2.921   0.438  -0.312
  4.120   0.309  -0.873
  4.807   1.127  -1.056
  1.046  -2.720   0.061
  2.024  -3.472  -0.504
  1.806  -4.536  -0.563
  3.207  -3.083  -0.984
  3.363  -1.752  -0.842
  1.221  -1.386   0.169
  0.340  -0.545   0.763
  0.717   0.400   0.800
  5.637  -1.465  -1.884
  5.524  -1.397  -2.969
  5.780  -2.508  -1.602
  6.496  -0.873  -1.564
 -2.724   2.155  -2.007
 -3.034   2.773  -2.848
 -3.411   1.009  -1.683
 -2.930   0.153  -0.671
 -4.284   0.702  -2.255
 -3.708  -1.122  -0.473
 -4.750  -0.858  -0.229
 -3.650  -1.828  -1.723
 -4.269  -2.578  -1.653
 -3.164  -1.990   0.645
 -3.519  -3.024   0.504
 -3.632  -1.474   1.889
 -3.169  -2.002   2.569
 -1.656  -2.006   0.593
 -1.348  -2.301  -0.417
 -1.221  -2.943   1.568
 -0.315  -3.187   1.260
 -1.122  -0.609   0.924
 -1.785   0.476   0.065
 -1.354  -0.470   1.985
 -0.278   2.416   0.825
  0.482   3.545   0.388
  0.155   4.185  -0.847
  0.738   5.049  -1.164
 -0.896   3.740  -1.592
 -1.205   4.275  -2.489
 -1.633   2.573  -1.214
 -1.214   1.784  -0.098
 -0.098   1.991   2.166
 -0.745   1.225   2.577
  0.831   2.592   3.000
  0.931   2.244   4.025
  1.640   3.641   2.530
  2.377   4.100   3.183
  1.435   4.130   1.253
  2.010   4.981   0.892
