  4.485  -1.136  -1.291
  2.477  -0.902  -0.426
  2.886   0.373  -0.740
  4.096   0.180  -1.258
  4.744   0.968  -1.624
  1.167  -2.706   0.348
  2.186  -3.518  -0.031
  2.020  -4.577   0.154
  3.353  -3.190  -0.588
  3.439  -1.855  -0.757
  1.274  -1.375   0.152
  0.345  -0.467   0.527
  0.654   0.479   0.315
  5.709  -1.700  -1.835
  5.607  -1.887  -2.907
  5.899  -2.643  -1.323
  6.535  -1.009  -1.657
 -2.878   2.302  -1.887
 -3.241   2.969  -2.668
 -3.503   1.103  -1.639
 -2.959   0.199  -0.704
 -4.377   0.800  -2.211
 -3.666  -1.124  -0.598
 -4.734  -0.931  -0.408
 -3.491  -1.781  -1.863
 -4.058  -2.575  -1.851
 -3.133  -1.990   0.522
 -3.475  -3.028   0.374
 -3.625  -1.479   1.758
 -3.150  -1.993   2.441
 -1.624  -1.995   0.515
 -1.273  -2.330  -0.470
 -1.245  -2.895   1.548
 -0.295  -3.093   1.352
 -1.097  -0.585   0.818
 -1.815   0.519   0.033
 -1.259  -0.469   1.895
 -0.326   2.454   0.866
  0.366   3.645   0.479
 -0.050   4.365  -0.683
  0.481   5.276  -0.956
 -1.114   3.931  -1.414
 -1.486   4.515  -2.254
 -1.782   2.706  -1.096
 -1.289   1.856  -0.056
 -0.036   1.931   2.152
 -0.616   1.105   2.541
  0.913   2.510   2.978
  1.094   2.083   3.962
  1.647   3.630   2.551
  2.402   4.072   3.197
  1.344   4.206   1.332
  1.861   5.107   1.006
