 -4.189  -2.177  -2.213
 -2.059  -1.801  -1.794
 -2.473  -2.665  -0.809
 -3.756  -2.855  -1.101
 -4.428  -3.494  -0.538
 -0.765  -0.222  -2.992
 -1.838  -0.050  -3.795
 -1.700   0.652  -4.616
 -3.047  -0.625  -3.712
 -3.102  -1.475  -2.677
 -0.865  -1.088  -1.971
  0.233  -1.256  -1.137
  0.011  -1.961  -0.431
 -5.529  -2.119  -2.769
 -5.499  -2.387  -3.826
 -5.926  -1.107  -2.664
 -6.161  -2.825  -2.228
 -0.753  -0.858   3.455
 -1.128  -1.246   4.402
  0.599  -0.684   3.259
  1.080  -0.317   1.986
  1.315  -0.928   4.037
  2.576  -0.285   1.790
  2.924   0.756   1.890
  3.211  -1.098   2.776
  4.136  -1.163   2.466
  2.970  -0.778   0.410
  2.702  -1.836   0.320
  4.391  -0.704   0.262
  4.563   0.239   0.072
  2.258   0.039  -0.639
  2.507  -0.331  -1.642
  2.751   1.379  -0.457
  2.520   1.885  -1.256
  0.739  -0.018  -0.491
  0.200   0.016   0.941
  0.364   0.798  -1.111
 -2.231   0.559   0.313
 -3.591   0.146   0.477
 -3.976  -0.570   1.653
 -5.019  -0.859   1.775
 -3.059  -0.831   2.627
 -3.362  -1.295   3.564
 -1.676  -0.512   2.446
 -1.214   0.017   1.201
 -1.965   1.536  -0.676
 -0.990   2.010  -0.712
 -2.956   1.991  -1.532
 -2.717   2.751  -2.272
 -4.265   1.486  -1.442
 -5.035   1.838  -2.126
 -4.580   0.606  -0.422
 -5.610   0.281  -0.273
