                          Input orientation:                          

 ---------------------------------------------------------------------

 Center     Atomic      Atomic             Coordinates (Angstroms)

 Number     Number       Type             X           Y           Z

 ---------------------------------------------------------------------

      1          7           0       -3.969040   -1.563417   -3.822012

      2          6           0       -2.762421   -0.502462   -2.317019

      3          7           0       -3.661442    0.429520   -2.785532

      4          6           0       -4.365530   -0.258585   -3.680520

      5          1           0       -5.180001    0.148304   -4.269010

      6          7           0       -0.967070   -1.499237   -1.138337

      7          6           0       -1.244611   -2.636465   -1.821056

      8          1           0       -0.599777   -3.480971   -1.587168

      9          7           0       -2.200857   -2.856445   -2.731539

     10          6           0       -2.925469   -1.743326   -2.940332

     11          6           0       -1.715763   -0.412385   -1.375461

     12          7           0       -1.542843    0.738454   -0.658781

     13          1           0       -2.065295    1.515718   -1.057326

     14          6           0       -4.547444   -2.595408   -4.667325

     15          1           0       -5.359337   -3.110720   -4.148615

     16          1           0       -3.761267   -3.312255   -4.905822

     17          1           0       -4.924371   -2.139511   -5.584136

     18          6           0        0.177298   -1.452666    3.549015

     19          1           0        0.285649   -2.120641    4.402696

     20          6           0        1.173030   -1.361988    2.605343

     21          6           0        1.030503   -0.509792    1.484435

     22          1           0        2.087707   -1.938961    2.703231

     23          6           0        2.200233   -0.384068    0.544522

     24          1           0        2.864762    0.410209    0.926479

     25          8           0        2.916837   -1.618736    0.500734

     26          1           0        3.553440   -1.497118   -0.230580

     27          6           0        1.777934   -0.000450   -0.861697

     28          1           0        1.225014   -0.834135   -1.295019

     29          8           0        2.940039    0.204369   -1.672917

     30          1           0        3.280992    1.076718   -1.393228

     31          6           0        0.916045    1.243596   -0.825942

     32          1           0        0.592066    1.498094   -1.846431

     33          8           0        1.794334    2.265628   -0.316377

     34          1           0        1.390806    3.131383   -0.501978

     35          6           0       -0.327817    1.104457    0.076053

     36          6           0       -0.136828    0.223954    1.297689

     37          1           0       -0.537571    2.124931    0.433632

     38          6           0       -2.355401    0.958159    2.216356

     39          1           0       -2.515920    1.628047    1.379195

     40          6           0       -3.314224    0.896481    3.208701

     41          1           0       -4.210841    1.507170    3.126468

     42          6           0       -3.159504    0.025509    4.308576

     43          1           0       -3.924863   -0.019117    5.080014

     44          6           0       -2.018360   -0.740533    4.415414

     45          1           0       -1.881446   -1.412470    5.261660

     46          6           0       -1.012401   -0.694353    3.417036

     47          6           0       -1.163972    0.185513    2.293913

 ---------------------------------------------------------------------

