  3.907   0.103  -0.917
  2.168  -0.670   0.194
  2.973  -0.087   1.143
  3.998   0.365   0.427
  4.857   0.883   0.840
  0.317  -1.701  -0.856
  0.999  -1.602  -2.019
  0.504  -2.032  -2.887
  2.190  -1.023  -2.239
  2.721  -0.573  -1.094
  0.867  -1.193   0.255
  0.131  -1.152   1.430
  0.618  -0.564   2.108
  4.811   0.510  -1.978
  4.390   1.355  -2.529
  4.954  -0.328  -2.662
  5.767   0.794  -1.536
 -1.870   1.189  -2.448
 -1.918   1.552  -3.473
 -2.873   0.394  -1.937
 -2.734  -0.191  -0.660
 -3.727   0.117  -2.550
 -3.812  -1.169  -0.254
 -4.759  -0.617  -0.139
 -3.915  -2.120  -1.325
 -4.718  -2.648  -1.157
 -3.535  -1.889   1.060
 -4.075  -2.850   1.059
 -3.994  -1.070   2.135
 -3.667  -1.513   2.941
 -2.057  -2.151   1.185
 -1.699  -2.688   0.298
 -1.859  -2.908   2.380
 -0.890  -2.909   2.509
 -1.307  -0.823   1.308
 -1.628   0.104   0.142
 -1.614  -0.407   2.272
  0.235   1.791   0.593
  1.311   2.533   0.014
  1.315   2.787  -1.392
  2.139   3.356  -1.823
  0.277   2.364  -2.173
  0.235   2.631  -3.228
 -0.796   1.593  -1.625
 -0.725   1.135  -0.275
  0.141   1.766   2.005
 -0.744   1.342   2.470
  1.082   2.395   2.806
  0.967   2.374   3.887
  2.177   3.061   2.229
  2.914   3.550   2.862
  2.264   3.157   0.852
  3.070   3.727   0.391
