 -3.982  -2.886  -1.660
 -1.924  -2.106  -1.557
 -1.965  -3.143  -0.652
 -3.219  -3.573  -0.749
 -3.632  -4.401  -0.183
 -1.184  -0.206  -2.757
 -2.417  -0.162  -3.310
 -2.578   0.641  -4.026
 -3.468  -0.965  -3.082
 -3.159  -1.919  -2.192
 -0.923  -1.169  -1.863
  0.298  -1.195  -1.207
  0.287  -1.935  -0.502
 -5.399  -3.036  -1.940
 -5.570  -2.779  -2.986
 -5.989  -2.370  -1.305
 -5.691  -4.072  -1.761
 -1.114  -1.170   2.966
 -1.604  -1.724   3.767
  0.263  -1.050   2.944
  0.899  -0.482   1.821
  0.875  -1.490   3.726
  2.404  -0.473   1.732
  2.761   0.525   2.038
  2.949  -1.464   2.601
  3.902  -1.474   2.386
  2.899  -0.722   0.314
  2.683  -1.762   0.047
  4.322  -0.589   0.279
  4.473   0.376   0.252
  2.233   0.217  -0.670
  2.577  -0.015  -1.687
  2.661   1.533  -0.275
  2.472   2.139  -1.012
  0.716   0.102  -0.621
  0.142   0.090   0.791
  0.288   0.866  -1.270
 -2.107   1.020   0.091
 -3.502   0.733   0.002
 -4.080  -0.202   0.921
 -5.149  -0.406   0.858
 -3.323  -0.767   1.910
 -3.786  -1.398   2.668
 -1.909  -0.548   1.977
 -1.274   0.192   0.938
 -1.611   2.153  -0.595
 -0.590   2.478  -0.410
 -2.435   2.909  -1.413
 -2.036   3.787  -1.917
 -3.785   2.554  -1.587
 -4.424   3.143  -2.241
 -4.315   1.501  -0.861
 -5.375   1.260  -0.939
