 -4.124  -1.649  -3.415
 -2.715  -0.464  -2.210
 -3.711   0.415  -2.573
 -4.534  -0.347  -3.290
 -5.449   0.002  -3.754
 -0.730  -1.349  -1.268
 -1.087  -2.537  -1.814
 -0.395  -3.355  -1.623
 -2.167  -2.834  -2.546
 -2.941  -1.747  -2.715
 -1.535  -0.293  -1.455
 -1.250   0.919  -0.910
 -1.902   1.655  -1.161
 -4.807  -2.749  -4.077
 -5.490  -3.251  -3.388
 -4.051  -3.459  -4.413
 -5.362  -2.364  -4.933
 -0.034  -1.611   3.273
 -0.023  -2.352   4.072
  1.050  -1.470   2.438
  1.034  -0.524   1.386
  1.937  -2.083   2.570
  2.284  -0.370   0.561
  2.947   0.349   1.073
  2.947  -1.631   0.457
  3.653  -1.474  -0.200
  2.005   0.168  -0.831
  1.467  -0.594  -1.396
  3.244   0.404  -1.509
  3.589   1.225  -1.107
  1.185   1.436  -0.742
  0.975   1.814  -1.753
  2.028   2.359  -0.027
  1.673   3.255  -0.158
 -0.152   1.237  -0.001
 -0.090   0.262   1.161
 -0.409   2.230   0.401
 -2.382   0.963   1.908
 -2.444   1.712   1.126
 -3.441   0.837   2.786
 -4.317   1.470   2.663
 -3.412  -0.127   3.816
 -4.254  -0.221   4.498
 -2.296  -0.921   3.975
 -2.257  -1.666   4.769
 -1.191  -0.813   3.092
 -1.213   0.164   2.042
