 -3.753  -2.999  -1.253
 -1.753  -2.097  -1.471
 -1.587  -3.136  -0.585
 -2.814  -3.635  -0.481
 -3.081  -4.485   0.138
 -1.325  -0.174  -2.780
 -2.629  -0.203  -3.132
 -2.947   0.579  -3.817
 -3.583  -1.064  -2.735
 -3.087  -1.983  -1.899
 -0.871  -1.114  -1.939
  0.465  -1.060  -1.527
  0.629  -1.882  -0.937
 -5.188  -3.222  -1.286
 -5.547  -2.986  -2.289
 -5.688  -2.576  -0.561
 -5.392  -4.269  -1.057
 -1.367  -1.400   2.596
 -1.920  -2.002   3.318
  0.011  -1.331   2.655
  0.723  -0.677   1.631
  0.567  -1.860   3.423
  2.231  -0.659   1.680
  2.540   0.291   2.147
  2.706  -1.753   2.463
  3.677  -1.719   2.360
  2.871  -0.715   0.301
  2.728  -1.721  -0.110
  4.285  -0.542   0.426
  4.400   0.422   0.537
  2.267   0.324  -0.619
  2.712   0.231  -1.620
  2.609   1.589  -0.025
  2.479   2.278  -0.701
  0.759   0.165  -0.730
  0.046   0.011   0.610
  0.369   0.986  -1.333
 -2.135   1.111  -0.079
 -3.543   0.924  -0.219
 -4.203  -0.048   0.598
 -5.283  -0.164   0.502
 -3.505  -0.766   1.529
 -4.026  -1.426   2.223
 -2.083  -0.643   1.645
 -1.372   0.153   0.696
 -1.554   2.261  -0.662
 -0.524   2.512  -0.425
 -2.308   3.129  -1.435
 -1.842   4.014  -1.862
 -3.674   2.877  -1.663
 -4.259   3.557  -2.279
 -4.287   1.813  -1.026
 -5.357   1.646  -1.140
