  3.992   0.175  -0.741
  2.193  -0.673   0.209
  2.961  -0.199   1.246
  4.023   0.304   0.624
  4.867   0.764   1.124
  0.390  -1.582  -1.021
  1.116  -1.361  -2.138
  0.657  -1.690  -3.068
  2.323  -0.781  -2.244
  2.806  -0.457  -1.038
  0.892  -1.191   0.159
  0.116  -1.372   1.302
  0.627  -0.940   2.077
  4.942   0.682  -1.716
  4.616   1.653  -2.097
  5.001  -0.026  -2.543
  5.920   0.780  -1.241
 -1.967   1.120  -2.480
 -2.049   1.486  -3.503
 -2.951   0.323  -1.938
 -2.779  -0.254  -0.663
 -3.831   0.054  -2.518
 -3.881  -1.172  -0.192
 -4.807  -0.580  -0.102
 -4.028  -2.183  -1.199
 -4.845  -2.674  -0.990
 -3.603  -1.812   1.161
 -4.195  -2.738   1.247
 -3.975  -0.891   2.187
 -3.668  -1.302   3.017
 -2.139  -2.144   1.241
 -1.851  -2.727   0.355
 -1.928  -2.881   2.445
 -0.961  -3.017   2.479
 -1.293  -0.866   1.278
 -1.634   0.020   0.090
 -1.494  -0.400   2.245
  0.241   1.717   0.492
  1.288   2.473  -0.124
  1.233   2.745  -1.526
  2.035   3.325  -1.983
  0.170   2.321  -2.270
  0.085   2.597  -3.320
 -0.871   1.530  -1.690
 -0.751   1.063  -0.347
  0.210   1.684   1.907
 -0.646   1.252   2.412
  1.173   2.323   2.672
  1.102   2.293   3.757
  2.238   3.002   2.058
  2.994   3.498   2.662
  2.270   3.100   0.678
  3.049   3.681   0.186
