 -4.225  -2.129  -2.526
 -2.152  -1.762  -1.883
 -2.659  -2.657  -0.971
 -3.905  -2.840  -1.398
 -4.626  -3.500  -0.928
 -0.723  -0.187  -2.926
 -1.717   0.017  -3.821
 -1.491   0.729  -4.613
 -2.937  -0.536  -3.860
 -3.100  -1.409  -2.854
 -0.935  -1.064  -1.932
  0.055  -1.260  -0.990
 -0.266  -1.904  -0.266
 -5.513  -2.025  -3.188
 -5.347  -1.956  -4.264
 -6.043  -1.133  -2.847
 -6.101  -2.917  -2.962
 -0.616  -0.625   3.641
 -0.947  -0.944   4.629
  0.727  -0.461   3.376
  1.153  -0.193   2.059
  1.475  -0.647   4.139
  2.634  -0.205   1.779
  3.005   0.832   1.755
  3.314  -0.934   2.800
  4.212  -1.063   2.436
  2.929  -0.841   0.431
  2.612  -1.890   0.458
  4.341  -0.846   0.202
  4.538   0.065  -0.095
  2.194  -0.093  -0.652
  2.364  -0.570  -1.626
  2.764   1.229  -0.633
  2.508   1.666  -1.465
  0.682  -0.046  -0.420
  0.227   0.062   1.035
  0.333   0.782  -1.039
 -2.229   0.518   0.453
 -3.565   0.060   0.675
 -3.896  -0.573   1.914
 -4.923  -0.897   2.082
 -2.952  -0.716   2.887
 -3.218  -1.114   3.865
 -1.582  -0.372   2.645
 -1.174   0.074   1.351
 -2.023   1.435  -0.604
 -1.072   1.950  -0.690
 -3.049   1.787  -1.469
 -2.859   2.506  -2.262
 -4.328   1.222  -1.324
 -5.124   1.493  -2.015
 -4.587   0.406  -0.237
 -5.597   0.040  -0.051
