  4.400  -0.638  -0.738
  2.385  -0.734   0.145
  3.167  -0.113   1.093
  4.364  -0.076   0.513
  5.255   0.345   0.965
  0.504  -1.637  -0.978
  1.343  -1.918  -2.004
  0.876  -2.400  -2.860
  2.654  -1.667  -2.110
  3.117  -1.069  -0.999
  1.011  -1.051   0.117
  0.222  -0.722   1.182
  0.680  -0.100   1.842
  5.520  -0.713  -1.662
  5.580   0.192  -2.272
  5.360  -1.574  -2.311
  6.444  -0.841  -1.097
 -2.527   1.657  -2.238
 -2.764   2.145  -3.182
 -3.328   0.649  -1.748
 -2.938  -0.073  -0.600
 -4.209   0.325  -2.298
 -3.788  -1.271  -0.250
 -4.807  -0.921  -0.016
 -3.802  -2.105  -1.419
 -4.482  -2.788  -1.271
 -3.289  -2.064   0.951
 -3.680  -3.092   0.884
 -3.768  -1.435   2.139
 -3.304  -1.897   2.864
 -1.781  -2.114   0.943
 -1.427  -2.533  -0.004
 -1.392  -2.920   2.061
 -0.436  -2.756   2.175
 -1.236  -0.700   1.134
 -1.795   0.292   0.119
 -1.556  -0.425   2.147
 -0.109   2.152   0.578
  0.808   3.064  -0.025
  0.582   3.500  -1.369
  1.280   4.205  -1.819
 -0.519   3.074  -2.054
 -0.744   3.475  -3.042
 -1.407   2.097  -1.501
 -1.093   1.481  -0.251
 -0.046   1.992   1.984
 -0.837   1.445   2.490
  0.945   2.600   2.738
  0.961   2.465   3.817
  1.924   3.395   2.114
  2.712   3.856   2.706
  1.825   3.655   0.760
  2.530   4.331   0.277
