 -4.201  -1.689  -3.065
 -2.670  -0.431  -2.107
 -3.743   0.404  -2.324
 -4.635  -0.399  -2.897
 -5.622  -0.092  -3.222
 -0.550  -1.237  -1.430
 -0.939  -2.448  -1.897
 -0.203  -3.241  -1.785
 -2.099  -2.792  -2.470
 -2.923  -1.733  -2.551
 -1.405  -0.210  -1.525
 -1.067   1.034  -1.076
 -1.830   1.700  -1.149
 -4.937  -2.825  -3.596
 -5.445  -3.366  -2.794
 -4.226  -3.492  -4.084
 -5.669  -2.468  -4.322
 -0.206  -1.720   3.044
 -0.268  -2.511   3.790
  0.944  -1.544   2.311
  1.023  -0.536   1.320
  1.810  -2.180   2.471
  2.333  -0.356   0.599
  2.958   0.336   1.191
  2.997  -1.616   0.491
  3.747  -1.437  -0.109
  2.161   0.244  -0.785
  1.659  -0.488  -1.420
  3.449   0.494  -1.359
  3.766   1.298  -0.901
  1.346   1.515  -0.703
  1.207   1.933  -1.710
  2.145   2.401   0.105
  1.814   3.307  -0.026
 -0.038   1.305  -0.065
 -0.069   0.286   1.060
 -0.314   2.287   0.350
 -2.401   0.982   1.675
 -2.385   1.799   0.962
 -3.531   0.816   2.453
 -4.385   1.474   2.305
 -3.600  -0.220   3.409
 -4.497  -0.346   4.011
 -2.510  -1.041   3.604
 -2.544  -1.837   4.347
 -1.334  -0.892   2.825
 -1.258   0.153   1.844
