 -4.144  -1.941  -3.245
 -2.245  -1.655  -2.172
 -2.968  -2.532  -1.398
 -4.096  -2.677  -2.088
 -4.923  -3.311  -1.791
 -0.579  -0.107  -2.852
 -1.358   0.143  -3.933
 -0.952   0.865  -4.640
 -2.554  -0.372  -4.243
 -2.946  -1.267  -3.318
 -1.029  -0.986  -1.940
 -0.304  -1.202  -0.802
 -0.812  -1.743  -0.105
 -5.205  -1.890  -4.237
 -5.073  -2.673  -4.988
 -5.163  -0.915  -4.723
 -6.168  -2.016  -3.739
 -0.321  -0.277   3.955
 -0.535  -0.460   5.007
  0.980  -0.142   3.521
  1.251  -0.039   2.144
  1.813  -0.215   4.213
  2.687  -0.072   1.691
  3.018   0.948   1.435
  3.512  -0.602   2.724
  4.347  -0.822   2.266
  2.819  -0.938   0.449
  2.477  -1.951   0.691
  4.195  -1.044   0.076
  4.370  -0.224  -0.427
  1.991  -0.349  -0.667
  1.996  -1.019  -1.536
  2.644   0.888  -0.999
  2.277   1.172  -1.856
  0.520  -0.106  -0.279
  0.212   0.058   1.206
  0.256   0.790  -0.846
 -2.314   0.393   0.842
 -3.603  -0.042   1.283
 -3.777  -0.480   2.633
 -4.770  -0.781   2.965
 -2.723  -0.482   3.497
 -2.867  -0.734   4.547
 -1.398  -0.172   3.050
 -1.148   0.091   1.667
 -2.257   1.114  -0.372
 -1.338   1.609  -0.663
 -3.380   1.305  -1.163
 -3.292   1.867  -2.090
 -4.617   0.754  -0.785
 -5.494   0.892  -1.414
 -4.729   0.137   0.449
 -5.697  -0.221   0.799
