  4.546  -1.001  -0.669
  2.490  -0.844   0.102
  3.287  -0.293   1.080
  4.510  -0.406   0.567
  5.418  -0.078   1.059
  0.582  -1.591  -1.091
  1.437  -1.987  -2.063
  0.966  -2.448  -2.929
  2.770  -1.874  -2.109
  3.237  -1.289  -0.992
  1.092  -1.023   0.014
  0.295  -0.588   1.029
  0.771  -0.007   1.711
  5.697  -1.231  -1.526
  5.897  -0.356  -2.149
  5.472  -2.084  -2.166
  6.569  -1.451  -0.907
 -2.735   1.780  -2.162
 -3.044   2.297  -3.070
 -3.445   0.696  -1.694
 -2.963  -0.047  -0.596
 -4.325   0.339  -2.223
 -3.729  -1.304  -0.261
 -4.764  -1.023  -0.005
 -3.709  -2.114  -1.447
 -4.343  -2.841  -1.303
 -3.160  -2.084   0.915
 -3.507  -3.129   0.850
 -3.629  -1.486   2.123
 -3.131  -1.939   2.831
 -1.653  -2.068   0.857
 -1.316  -2.460  -0.106
 -1.196  -2.874   1.950
 -0.240  -2.695   2.028
 -1.162  -0.634   1.051
 -1.814   0.357   0.091
 -1.444  -0.397   2.083
 -0.239   2.308   0.582
  0.570   3.328  -0.003
  0.251   3.818  -1.308
  0.869   4.602  -1.743
 -0.837   3.337  -1.976
 -1.135   3.768  -2.930
 -1.620   2.262  -1.444
 -1.208   1.608  -0.243
 -0.088   2.072   1.971
 -0.804   1.434   2.482
  0.884   2.719   2.717
  0.965   2.522   3.783
  1.758   3.635   2.102
  2.533   4.128   2.685
  1.569   3.962   0.772
  2.190   4.722   0.300
