 -3.606  -3.052  -1.103
 -1.661  -2.080  -1.472
 -1.393  -3.101  -0.592
 -2.591  -3.643  -0.394
 -2.780  -4.494   0.251
 -1.407  -0.149  -2.815
 -2.728  -0.240  -3.084
 -3.124   0.519  -3.756
 -3.616  -1.136  -2.618
 -3.027  -2.022  -1.808
 -0.859  -1.062  -2.000
  0.504  -0.934  -1.688
  0.761  -1.796  -1.192
 -5.029  -3.331  -1.036
 -5.455  -3.209  -2.032
 -5.515  -2.635  -0.347
 -5.174  -4.357  -0.695
 -1.483  -1.453   2.465
 -2.062  -2.056   3.163
 -0.105  -1.426   2.538
  0.635  -0.755   1.547
  0.428  -1.996   3.294
  2.142  -0.767   1.645
  2.447   0.151   2.175
  2.575  -1.909   2.383
  3.550  -1.881   2.318
  2.832  -0.755   0.291
  2.695  -1.735  -0.179
  4.242  -0.605   0.474
  4.362   0.350   0.645
  2.270   0.343  -0.586
  2.748   0.306  -1.575
  2.603   1.566   0.094
  2.503   2.295  -0.542
  0.765   0.209  -0.761
 -0.006  -0.013   0.539
  0.413   1.082  -1.312
 -2.158   1.167  -0.130
 -3.571   1.023  -0.278
 -4.265   0.055   0.513
 -5.347  -0.025   0.410
 -3.589  -0.714   1.418
 -4.130  -1.374   2.097
 -2.164  -0.640   1.535
 -1.423   0.163   0.613
 -1.548   2.318  -0.681
 -0.516   2.543  -0.428
 -2.274   3.222  -1.439
 -1.783   4.105  -1.842
 -3.644   3.010  -1.682
 -4.207   3.716  -2.288
 -4.288   1.951  -1.068
 -5.362   1.814  -1.188
