 -3.327  -3.012  -0.812
 -1.557  -1.799  -1.339
 -1.118  -2.688  -0.387
 -2.216  -3.377  -0.094
 -2.256  -4.187   0.627
 -1.591  -0.147  -3.036
 -2.885  -0.478  -3.251
 -3.377   0.052  -4.064
 -3.637  -1.361  -2.576
 -2.923  -1.984  -1.631
 -0.926  -0.766  -2.048
  0.416  -0.430  -1.824
  0.699   0.114  -2.645
 -4.685  -3.507  -0.687
 -5.138  -3.531  -1.679
 -5.269  -2.847  -0.039
 -4.659  -4.513  -0.266
 -1.635  -1.282   2.548
 -2.257  -1.817   3.266
 -0.263  -1.380   2.601
  0.521  -0.802   1.586
  0.226  -1.997   3.349
  2.003  -1.070   1.621
  2.487  -0.275   2.211
  2.252  -2.334   2.236
  3.195  -2.506   2.048
  2.606  -1.054   0.231
  2.202  -1.893  -0.343
  4.022  -1.246   0.319
  4.366  -0.388   0.637
  2.265   0.248  -0.450
  2.741   0.270  -1.442
  2.822   1.276   0.385
  2.815   2.109  -0.118
  0.754   0.410  -0.623
 -0.054   0.016   0.602
  0.582   1.456  -0.881
 -2.172   1.254  -0.165
 -3.568   1.058  -0.408
 -4.304   0.141   0.405
 -5.375   0.034   0.237
 -3.679  -0.538   1.412
 -4.251  -1.154   2.105
 -2.259  -0.469   1.580
 -1.463   0.283   0.659
 -1.578   2.411  -0.725
 -0.594   2.721  -0.390
 -2.276   3.244  -1.584
 -1.789   4.131  -1.984
 -3.605   2.953  -1.936
 -4.143   3.596  -2.629
 -4.252   1.904  -1.310
 -5.308   1.715  -1.500
