 -3.684  -2.073  -4.145
 -2.326  -1.454  -2.530
 -3.315  -2.182  -1.911
 -4.103  -2.534  -2.923
 -5.006  -3.125  -2.824
 -0.391  -0.122  -2.883
 -0.716  -0.135  -4.202
 -0.035   0.416  -4.848
 -1.750  -0.724  -4.804
 -2.521  -1.374  -3.910
 -1.192  -0.787  -2.018
 -0.931  -0.764  -0.697
 -1.588  -1.236  -0.085
 -4.279  -2.311  -5.451
 -3.916  -3.249  -5.877
 -3.993  -1.485  -6.103
 -5.365  -2.345  -5.350
 -0.005  -0.393   4.160
 -0.039  -0.627   5.223
  1.204  -0.185   3.529
  1.238  -0.000   2.136
  2.142  -0.230   4.071
  2.562   0.085   1.428
  2.689   1.084   0.975
  3.631  -0.185   2.322
  4.367  -0.444   1.731
  2.546  -0.950   0.316
  2.304  -1.920   0.766
  3.839  -1.076  -0.271
  3.837  -0.422  -1.001
  1.508  -0.569  -0.724
  1.263  -1.452  -1.325
  2.129   0.417  -1.551
  1.485   0.518  -2.290
  0.170   0.005  -0.142
  0.060   0.033   1.378
  0.125   1.027  -0.550
 -2.475   0.459   1.467
 -3.691   0.107   2.129
 -3.648  -0.405   3.464
 -4.584  -0.658   3.960
 -2.457  -0.539   4.113
 -2.426  -0.846   5.157
 -1.217  -0.264   3.451
 -1.204   0.054   2.056
 -2.578   1.209   0.269
 -1.684   1.621  -0.186
 -3.808   1.525  -0.284
 -3.847   2.113  -1.199
 -4.998   1.084   0.322
 -5.961   1.320  -0.126
 -4.934   0.424   1.534
 -5.847   0.132   2.050
