 -4.213  -2.084  -2.827
 -2.212  -1.727  -1.982
 -2.805  -2.634  -1.135
 -4.003  -2.814  -1.685
 -4.764  -3.482  -1.298
 -0.676  -0.158  -2.876
 -1.587   0.069  -3.852
 -1.285   0.789  -4.610
 -2.804  -0.469  -4.005
 -3.061  -1.359  -3.032
 -0.988  -1.039  -1.911
 -0.114  -1.236  -0.871
 -0.519  -1.826  -0.145
 -5.429  -1.976  -3.614
 -5.151  -1.811  -4.655
 -6.036  -1.137  -3.265
 -5.995  -2.905  -3.525
 -0.488  -0.437   3.792
 -0.774  -0.696   4.810
  0.842  -0.299   3.455
  1.209  -0.111   2.108
  1.624  -0.445   4.193
  2.671  -0.162   1.749
  3.054   0.864   1.628
  3.399  -0.829   2.777
  4.268  -1.011   2.368
  2.874  -0.898   0.434
  2.524  -1.930   0.551
  4.270  -0.968   0.133
  4.477  -0.090  -0.246
  2.107  -0.200  -0.662
  2.201  -0.755  -1.605
  2.732   1.091  -0.779
  2.442   1.474  -1.627
  0.611  -0.061  -0.354
  0.237   0.089   1.118
  0.288   0.787  -0.961
 -2.243   0.495   0.607
 -3.557   0.017   0.901
 -3.833  -0.532   2.193
 -4.846  -0.865   2.418
 -2.855  -0.589   3.141
 -3.081  -0.923   4.152
 -1.499  -0.247   2.826
 -1.148   0.123   1.493
 -2.095   1.346  -0.514
 -1.165   1.884  -0.660
 -3.155   1.611  -1.368
 -3.010   2.280  -2.213
 -4.407   1.007  -1.156
 -5.231   1.207  -1.838
 -4.613   0.266  -0.005
 -5.602  -0.126   0.229
