 -3.116  -3.039  -0.783
 -1.476  -1.678  -1.365
 -0.928  -2.539  -0.442
 -1.952  -3.320  -0.114
 -1.895  -4.137   0.597
 -1.719  -0.012  -3.028
 -2.975  -0.472  -3.222
 -3.529   0.004  -4.028
 -3.628  -1.418  -2.530
 -2.830  -1.977  -1.611
 -0.977  -0.559  -2.051
  0.301  -0.055  -1.851
  0.449   0.644  -2.583
 -4.423  -3.646  -0.616
 -4.896  -3.729  -1.596
 -5.046  -3.026   0.034
 -4.300  -4.638  -0.179
 -1.707  -1.221   2.569
 -2.342  -1.744   3.284
 -0.337  -1.339   2.632
  0.460  -0.773   1.620
  0.137  -1.969   3.378
  1.920  -1.140   1.622
  2.486  -0.381   2.186
  2.097  -2.416   2.239
  3.005  -2.673   1.987
  2.463  -1.183   0.208
  1.937  -1.965  -0.349
  3.850  -1.537   0.232
  4.303  -0.725   0.534
  2.245   0.161  -0.437
  2.668   0.152  -1.452
  2.962   1.096   0.389
  3.065   1.922  -0.115
  0.755   0.513  -0.542
 -0.091   0.069   0.643
  0.732   1.603  -0.630
 -2.204   1.298  -0.172
 -3.599   1.100  -0.421
 -4.345   0.194   0.394
 -5.413   0.083   0.213
 -3.729  -0.480   1.408
 -4.306  -1.095   2.099
 -2.312  -0.408   1.589
 -1.502   0.342   0.678
 -1.597   2.422  -0.782
 -0.607   2.733  -0.472
 -2.289   3.235  -1.665
 -1.790   4.097  -2.102
 -3.623   2.951  -2.004
 -4.155   3.577  -2.716
 -4.277   1.927  -1.345
 -5.333   1.737  -1.532
