 -2.966  -3.086  -0.803
 -1.418  -1.629  -1.402
 -0.808  -2.464  -0.494
 -1.778  -3.306  -0.155
 -1.661  -4.123   0.549
 -1.812   0.056  -3.017
 -3.031  -0.488  -3.208
 -3.626  -0.039  -4.000
 -3.610  -1.485  -2.521
 -2.756  -2.006  -1.629
 -1.018  -0.451  -2.056
  0.178   0.203  -1.842
  0.193   1.009  -2.469
 -4.235  -3.766  -0.618
 -4.715  -3.876  -1.592
 -4.883  -3.182   0.040
 -4.050  -4.749  -0.183
 -1.764  -1.197   2.572
 -2.407  -1.724   3.277
 -0.394  -1.303   2.659
  0.416  -0.736   1.659
  0.072  -1.928   3.414
  1.872  -1.118   1.660
  2.466  -0.327   2.146
  2.052  -2.347   2.364
  2.937  -2.648   2.077
  2.362  -1.280   0.233
  1.769  -2.062  -0.253
  3.727  -1.711   0.234
  4.233  -0.902   0.450
  2.203   0.037  -0.482
  2.541  -0.061  -1.521
  3.062   0.947   0.235
  3.244   1.704  -0.348
  0.744   0.542  -0.508
 -0.126   0.098   0.667
  0.852   1.632  -0.490
 -2.225   1.330  -0.163
 -3.622   1.151  -0.417
 -4.378   0.240   0.381
 -5.446   0.135   0.190
 -3.772  -0.455   1.386
 -4.357  -1.076   2.064
 -2.357  -0.386   1.584
 -1.537   0.368   0.685
 -1.593   2.437  -0.778
 -0.589   2.713  -0.480
 -2.271   3.266  -1.657
 -1.754   4.116  -2.098
 -3.613   3.012  -1.988
 -4.135   3.653  -2.695
 -4.286   1.997  -1.335
 -5.345   1.827  -1.524
