 -3.798  -1.925  -4.057
 -2.332  -1.470  -2.482
 -3.326  -2.182  -1.853
 -4.179  -2.436  -2.842
 -5.106  -2.988  -2.729
 -0.366  -0.189  -2.853
 -0.751  -0.114  -4.154
 -0.079   0.445  -4.802
 -1.836  -0.628  -4.736
 -2.592  -1.298  -3.844
 -1.153  -0.871  -1.990
 -0.818  -0.942  -0.685
 -1.508  -1.349  -0.061
 -4.468  -2.059  -5.341
 -4.173  -2.986  -5.837
 -4.175  -1.210  -5.960
 -5.548  -2.050  -5.186
 -0.024  -0.267   4.164
 -0.077  -0.444   5.238
  1.194  -0.070   3.548
  1.255   0.039   2.147
  2.121  -0.070   4.111
  2.592   0.120   1.464
  2.715   1.107   0.986
  3.644  -0.107   2.391
  4.400  -0.364   1.824
  2.623  -0.945   0.381
  2.396  -1.909   0.851
  3.932  -1.054  -0.175
  3.933  -0.413  -0.917
  1.600  -0.619  -0.690
  1.398  -1.519  -1.283
  2.203   0.377  -1.519
  1.567   0.460  -2.265
  0.232  -0.090  -0.147
  0.092   0.013   1.366
  0.141   0.907  -0.605
 -2.455   0.374   1.377
 -3.675   0.018   2.029
 -3.650  -0.413   3.393
 -4.589  -0.666   3.882
 -2.471  -0.473   4.075
 -2.456  -0.719   5.135
 -1.223  -0.201   3.426
 -1.186   0.040   2.016
 -2.553   1.051   0.136
 -1.663   1.470  -0.321
 -3.777   1.290  -0.466
 -3.812   1.824  -1.413
 -4.967   0.841   0.135
 -5.925   1.015  -0.348
 -4.912   0.256   1.387
 -5.828  -0.038   1.897
