  4.522  -1.241  -1.315
  2.489  -0.926  -0.539
  2.830   0.257  -1.149
  4.058   0.018  -1.602
  4.666   0.733  -2.144
  1.272  -2.570   0.641
  2.344  -3.386   0.473
  2.235  -4.378   0.905
  3.499  -3.130  -0.141
  3.510  -1.873  -0.629
  1.307  -1.321   0.134
  0.315  -0.418   0.285
  0.528   0.463  -0.177
  5.788  -1.844  -1.702
  5.717  -2.287  -2.698
  6.021  -2.625  -0.977
  6.569  -1.082  -1.690
 -3.058   2.436  -1.726
 -3.480   3.153  -2.428
 -3.631   1.199  -1.553
 -3.020   0.244  -0.718
 -4.520   0.913  -2.112
 -3.664  -1.114  -0.711
 -4.746  -0.982  -0.556
 -3.408  -1.693  -2.001
 -3.928  -2.517  -2.049
 -3.132  -2.006   0.384
 -3.464  -3.044   0.206
 -3.632  -1.531   1.629
 -3.133  -2.041   2.297
 -1.621  -2.001   0.400
 -1.242  -2.349  -0.571
 -1.283  -2.891   1.457
 -0.298  -2.985   1.399
 -1.091  -0.583   0.696
 -1.862   0.545   0.003
 -1.175  -0.500   1.785
 -0.340   2.447   0.877
  0.296   3.683   0.533
 -0.222   4.482  -0.532
  0.267   5.427  -0.766
 -1.321   4.075  -1.223
 -1.763   4.711  -1.988
 -1.934   2.809  -0.961
 -1.359   1.896  -0.018
  0.077   1.831   2.084
 -0.448   0.964   2.458
  1.077   2.372   2.875
  1.351   1.870   3.801
  1.749   3.542   2.483
  2.546   3.952   3.098
  1.330   4.203   1.345
  1.798   5.141   1.049
