 -3.489  -2.329  -4.184
 -2.291  -1.420  -2.579
 -3.260  -2.154  -1.935
 -3.951  -2.682  -2.942
 -4.813  -3.330  -2.824
 -0.421  -0.016  -2.976
 -0.656  -0.202  -4.301
  0.034   0.312  -4.967
 -1.614  -0.922  -4.888
 -2.401  -1.515  -3.968
 -1.234  -0.625  -2.084
 -1.099  -0.405  -0.758
 -1.703  -0.968  -0.165
 -3.977  -2.762  -5.484
 -3.519  -3.711  -5.773
 -3.710  -1.997  -6.213
 -5.062  -2.873  -5.443
 -0.032  -0.688   4.083
 -0.055  -1.050   5.110
  1.171  -0.432   3.458
  1.186  -0.081   2.097
  2.118  -0.560   3.972
  2.495   0.045   1.371
  2.622   1.070   0.979
  3.583  -0.293   2.217
  4.296  -0.534   1.591
  2.429  -0.920   0.201
  2.174  -1.908   0.602
  3.701  -1.045  -0.427
  3.686  -0.369  -1.137
  1.371  -0.456  -0.789
  1.059  -1.316  -1.394
  2.015   0.506  -1.625
  1.367   0.623  -2.360
  0.089   0.190  -0.151
 -0.003   0.059   1.368
  0.144   1.249  -0.449
 -2.507   0.598   1.580
 -3.727   0.237   2.229
 -3.685  -0.455   3.480
 -4.623  -0.721   3.966
 -2.490  -0.736   4.073
 -2.455  -1.178   5.068
 -1.251  -0.436   3.421
 -1.250   0.051   2.076
 -2.583   1.511   0.499
 -1.672   1.917   0.074
 -3.800   1.988   0.044
 -3.821   2.701  -0.778
 -5.004   1.549   0.625
 -5.957   1.914   0.250
 -4.959   0.717   1.727
 -5.878   0.417   2.229
