20,149.9975,-1269.1761899339
21,159.9974,-1269.175887542
22,169.9975,-1269.1751052707
23,179.9973,-1269.1736814897
24,-170.0026,-1269.1715642417
25,-160.0027,-1269.1691091496
26,-150.0027,-1269.1666571771
27,-140.0027,-1269.164465449
28,-130.0027,-1269.1627937092
29,-120.0026,-1269.1617677454
30,-110.0026,-1269.1611051551
31,-100.0026,-1269.1606952915
32,-90.0025,-1269.160654886
33,-80.0024,-1269.1611767013
34,-70.0024,-1269.1637319401
35,-60.0024,-1269.1649074914
36,-50.0025,-1269.1657253203
37,-40.0025,-1269.1667164886
38,-30.0025,-1269.1674288961
