 -4.186  -1.869  -3.722
 -2.610  -1.317  -2.288
 -3.209  -2.436  -1.756
 -4.143  -2.730  -2.655
 -4.831  -3.565  -2.578
 -1.196   0.571  -2.562
 -1.858   0.806  -3.721
 -1.524   1.683  -4.273
 -2.859   0.112  -4.272
 -3.191  -0.942  -3.504
 -1.561  -0.495  -1.825
 -0.905  -0.758  -0.665
 -1.312  -1.467  -0.062
 -5.045  -1.927  -4.894
 -4.620  -2.587  -5.654
 -5.125  -0.918  -5.298
 -6.032  -2.289  -4.601
 -0.100  -0.384   4.203
 -0.140  -0.543   5.279
  1.043  -0.689   3.499
  1.103  -0.487   2.098
  1.903  -1.127   3.996
  2.397  -0.777   1.387
  3.043   0.113   1.460
  3.040  -1.889   2.012
  3.786  -2.098   1.417
  2.184  -1.075  -0.087
  1.645  -2.024  -0.180
  3.452  -1.263  -0.722
  3.789  -0.356  -0.860
  1.396   0.036  -0.742
  1.245  -0.190  -1.805
  2.205   1.212  -0.594
  1.836   1.887  -1.191
  0.023   0.210  -0.085
  0.014   0.046   1.417
 -0.332   1.216  -0.354
 -2.317   0.958   1.499
 -2.321   1.120   0.425
 -3.445   1.280   2.228
 -4.301   1.724   1.723
 -3.485   1.074   3.624
 -4.382   1.329   4.185
 -2.399   0.520   4.267
 -2.417   0.361   5.345
 -1.220   0.192   3.551
 -1.184   0.372   2.130
