 -3.849  -1.825  -2.964
 -1.854  -1.210  -2.259
 -2.099  -0.439  -3.373
 -3.303  -0.851  -3.761
 -3.839  -0.466  -4.621
 -0.832  -2.079  -0.311
 -1.931  -2.855  -0.161
 -1.920  -3.509   0.708
 -3.018  -2.923  -0.943
 -2.916  -2.080  -1.981
 -0.783  -1.233  -1.349
  0.314  -0.420  -1.531
  0.193   0.156  -2.362
 -5.121  -2.510  -3.119
 -5.005  -3.412  -3.724
 -5.835  -1.836  -3.594
 -5.477  -2.787  -2.126
 -1.876   0.542   2.903
 -2.605   0.568   3.713
 -0.693  -0.143   3.052
  0.246  -0.204   1.996
 -0.463  -0.660   3.979
  1.528  -0.956   2.233
  2.257  -0.268   2.695
  1.281  -2.049   3.120
  2.106  -2.571   3.086
  2.133  -1.477   0.941
  1.475  -2.249   0.536
  3.395  -2.096   1.221
  4.004  -1.347   1.372
  2.285  -0.345  -0.048
  2.737  -0.723  -0.976
  3.164   0.593   0.598
  3.486   1.215  -0.077
  0.935   0.299  -0.394
 -0.012   0.427   0.784
  1.166   1.307  -0.773
 -1.568   1.830  -0.596
 -0.877   1.841  -1.432
 -2.759   2.518  -0.725
 -2.989   3.017  -1.664
 -3.693   2.544   0.333
 -4.628   3.086   0.220
 -3.394   1.912   1.522
 -4.104   1.927   2.348
 -2.183   1.194   1.682
 -1.224   1.168   0.615
