 -4.261  -1.980  -3.092
 -2.358  -1.313  -2.208
 -2.461  -2.647  -1.884
 -3.614  -3.001  -2.442
 -4.040  -3.997  -2.398
 -1.570   0.917  -2.330
 -2.686   1.197  -3.044
 -2.779   2.231  -3.369
 -3.679   0.375  -3.407
 -3.456  -0.871  -2.955
 -1.394  -0.339  -1.885
 -0.252  -0.678  -1.207
 -0.324  -1.610  -0.798
 -5.508  -2.033  -3.837
 -5.325  -2.301  -4.881
 -5.967  -1.045  -3.794
 -6.169  -2.769  -3.377
 -0.648  -0.695   3.722
 -0.941  -0.983   4.731
  0.588  -1.042   3.231
  0.968  -0.683   1.915
  1.277  -1.635   3.825
  2.373  -1.017   1.481
  3.040  -0.228   1.867
  2.753  -2.278   2.037
  3.633  -2.455   1.654
  2.545  -1.057  -0.028
  2.048  -1.953  -0.416
  3.931  -1.205  -0.347
  4.307  -0.312  -0.218
  1.953   0.184  -0.655
  2.086   0.151  -1.746
  2.694   1.272  -0.084
  2.458   2.081  -0.572
  0.459   0.289  -0.353
  0.107   0.055   1.103
  0.128   1.280  -0.684
 -2.077   1.265   0.870
 -1.830   1.582  -0.138
 -3.300   1.631   1.399
 -3.972   2.252   0.810
 -3.666   1.245   2.706
 -4.633   1.537   3.109
 -2.803   0.476   3.458
 -3.067   0.182   4.473
 -1.535   0.096   2.950
 -1.175   0.449   1.606
