 -3.559  -2.327  -3.764
 -2.535  -1.088  -2.259
 -3.168  -2.079  -1.544
 -3.766  -2.796  -2.491
 -4.374  -3.674  -2.307
 -1.218   0.806  -2.797
 -1.509   0.547  -4.095
 -1.071   1.239  -4.811
 -2.266  -0.430  -4.609
 -2.752  -1.218  -3.635
 -1.715  -0.014  -1.853
 -1.525   0.234  -0.520
 -1.931  -0.503   0.055
 -4.013  -2.901  -5.020
 -3.294  -3.634  -5.394
 -4.111  -2.092  -5.744
 -4.982  -3.380  -4.866
 -0.175  -0.903   4.060
 -0.148  -1.339   5.058
  0.750  -1.278   3.113
  0.730  -0.713   1.815
  1.491  -2.042   3.332
  1.817  -1.116   0.857
  2.717  -0.521   1.085
  2.106  -2.505   1.028
  2.732  -2.711   0.307
  1.439  -0.841  -0.587
  0.657  -1.548  -0.887
  2.564  -1.104  -1.431
  3.147  -0.330  -1.304
  0.953   0.581  -0.738
  0.760   0.796  -1.792
  2.032   1.403  -0.255
  1.888   2.302  -0.598
 -0.316   0.833   0.086
 -0.215   0.252   1.483
 -0.451   1.924   0.141
 -2.201   1.615   2.170
 -2.290   2.031   1.171
 -3.116   1.985   3.136
 -3.875   2.728   2.899
 -3.059   1.434   4.434
 -3.787   1.733   5.184
 -2.105   0.485   4.734
 -2.054   0.048   5.731
 -1.144   0.090   3.769
 -1.203   0.640   2.446
