 -4.175  -2.060  -2.700
 -2.204  -1.257  -2.126
 -2.147  -2.602  -1.838
 -3.347  -3.037  -2.205
 -3.680  -4.066  -2.125
 -1.625   1.030  -2.300
 -2.863   1.234  -2.805
 -3.091   2.263  -3.077
 -3.838   0.340  -3.023
 -3.447  -0.892  -2.663
 -1.283  -0.215  -1.929
 -0.006  -0.468  -1.468
  0.045  -1.445  -1.169
 -5.525  -2.201  -3.220
 -5.507  -2.398  -4.295
 -6.057  -1.268  -3.034
 -6.023  -3.021  -2.702
 -0.986  -0.956   3.334
 -1.407  -1.362   4.253
  0.277  -1.318   2.929
  0.818  -0.812   1.722
  0.864  -2.031   3.501
  2.253  -1.160   1.409
  2.891  -0.458   1.970
  2.523  -2.497   1.836
  3.444  -2.660   1.554
  2.613  -1.017  -0.060
  2.166  -1.849  -0.616
  4.027  -1.158  -0.222
  4.391  -0.297   0.062
  2.118   0.308  -0.598
  2.379   0.398  -1.662
  2.805   1.296   0.182
  2.641   2.165  -0.224
  0.603   0.422  -0.455
  0.092   0.082   0.934
  0.319   1.440  -0.745
 -1.945   1.533   0.709
 -1.567   1.977  -0.204
 -3.185   1.927   1.173
 -3.734   2.701   0.639
 -3.725   1.374   2.353
 -4.705   1.689   2.705
 -3.011   0.419   3.046
 -3.404  -0.001   3.971
 -1.728   0.007   2.606
 -1.200   0.520   1.373
