 -3.940  -2.118  -3.389
 -2.646  -0.831  -2.158
 -3.792  -1.009  -1.417
 -4.534  -1.789  -2.197
 -5.527  -2.145  -1.947
 -0.488  -0.125  -2.819
 -0.685  -0.834  -3.957
  0.144  -0.808  -4.662
 -1.752  -1.550  -4.329
 -2.704  -1.508  -3.379
 -1.456  -0.117  -1.888
 -1.384   0.614  -0.737
 -2.192   0.426  -0.144
 -4.442  -2.991  -4.437
 -4.160  -4.029  -4.245
 -4.004  -2.668  -5.382
 -5.529  -2.906  -4.484
 -0.302  -1.318   3.664
 -0.352  -1.941   4.556
  0.738  -1.457   2.775
  0.804  -0.660   1.607
  1.509  -2.206   2.932
  2.017  -0.792   0.727
  2.807  -0.143   1.141
  2.464  -2.149   0.730
  3.164  -2.170   0.048
  1.753  -0.347  -0.699
  1.101  -1.075  -1.186
  2.984  -0.359  -1.430
  3.450   0.445  -1.128
  1.118   1.026  -0.722
  0.980   1.342  -1.759
  2.070   1.876  -0.049
  1.872   2.795  -0.301
 -0.212   1.071   0.040
 -0.176   0.291   1.344
 -0.380   2.134   0.265
 -2.246   1.482   2.118
 -2.232   2.141   1.253
 -3.261   1.635   3.043
 -4.010   2.410   2.895
 -3.316   0.818   4.192
 -4.122   0.943   4.910
 -2.355  -0.152   4.387
 -2.380  -0.782   5.276
 -1.293  -0.324   3.464
 -1.249   0.478   2.276
