 -4.270  -1.949  -3.255
 -2.420  -1.330  -2.234
 -2.598  -2.651  -1.893
 -3.716  -2.977  -2.534
 -4.181  -3.956  -2.504
 -1.540   0.867  -2.341
 -2.586   1.170  -3.148
 -2.616   2.199  -3.499
 -3.576   0.376  -3.571
 -3.437  -0.867  -3.076
 -1.444  -0.385  -1.861
 -0.384  -0.742  -1.077
 -0.512  -1.648  -0.626
 -5.454  -1.975  -4.097
 -5.200  -2.284  -5.114
 -5.870  -0.967  -4.122
 -6.183  -2.666  -3.671
 -0.509  -0.581   3.862
 -0.746  -0.819   4.898
  0.713  -0.923   3.332
  1.023  -0.625   1.982
  1.444  -1.466   3.924
  2.409  -0.956   1.492
  3.081  -0.136   1.794
  2.844  -2.177   2.093
  3.700  -2.366   1.663
  2.492  -1.079  -0.021
  1.978  -1.996  -0.329
  3.858  -1.239  -0.411
  4.235  -0.339  -0.356
  1.857   0.124  -0.679
  1.928   0.032  -1.772
  2.622   1.245  -0.213
  2.355   2.024  -0.732
  0.381   0.241  -0.299
  0.106   0.047   1.178
  0.037   1.226  -0.634
 -2.130   1.158   0.968
 -1.938   1.422  -0.067
 -3.342   1.512   1.530
 -4.063   2.070   0.936
 -3.636   1.197   2.874
 -4.595   1.480   3.302
 -2.714   0.505   3.631
 -2.923   0.264   4.672
 -1.456   0.138   3.089
 -1.167   0.425   1.714
