 -3.871  -1.569  -2.935
 -1.806  -1.236  -2.237
 -1.921  -0.506  -3.399
 -3.172  -0.745  -3.779
 -3.634  -0.336  -4.671
 -0.959  -2.109  -0.209
 -2.164  -2.700  -0.036
 -2.265  -3.294   0.870
 -3.241  -2.650  -0.836
 -2.997  -1.908  -1.925
 -0.774  -1.343  -1.292
  0.445  -0.704  -1.469
  0.451  -0.252  -2.385
 -5.236  -2.050  -3.067
 -5.259  -3.018  -3.572
 -5.816  -1.322  -3.637
 -5.657  -2.156  -2.067
 -1.860   0.411   2.873
 -2.589   0.421   3.682
 -0.634  -0.188   3.049
  0.311  -0.229   1.997
 -0.372  -0.650   3.997
  1.636  -0.892   2.256
  2.315  -0.153   2.713
  1.451  -1.986   3.155
  2.307  -2.457   3.135
  2.280  -1.386   0.973
  1.674  -2.204   0.570
  3.574  -1.924   1.264
  4.136  -1.139   1.420
  2.359  -0.258  -0.029
  2.872  -0.610  -0.936
  3.128   0.769   0.618
  3.377   1.426  -0.055
  0.957   0.222  -0.416
  0.013   0.332   0.761
  1.066   1.215  -0.878
 -1.632   1.552  -0.683
 -0.948   1.551  -1.526
 -2.871   2.142  -0.847
 -3.136   2.570  -1.812
 -3.805   2.158   0.211
 -4.777   2.627   0.072
 -3.466   1.611   1.431
 -4.179   1.616   2.255
 -2.208   0.988   1.627
 -1.247   0.982   0.562
