 -4.087  -2.117  -2.506
 -2.117  -1.221  -2.085
 -1.968  -2.565  -1.827
 -3.172  -3.057  -2.100
 -3.445  -4.102  -2.010
 -1.670   1.093  -2.266
 -2.955   1.242  -2.661
 -3.256   2.261  -2.895
 -3.899   0.301  -2.813
 -3.418  -0.914  -2.511
 -1.238  -0.136  -1.946
  0.089  -0.325  -1.590
  0.208  -1.317  -1.369
 -5.468  -2.320  -2.911
 -5.535  -2.485  -3.990
 -6.033  -1.426  -2.648
 -5.872  -3.183  -2.380
 -1.163  -1.062   3.112
 -1.646  -1.518   3.976
  0.105  -1.444   2.742
  0.724  -0.874   1.605
  0.635  -2.220   3.287
  2.165  -1.244   1.344
  2.787  -0.598   1.987
  2.379  -2.612   1.695
  3.313  -2.780   1.460
  2.615  -1.011  -0.088
  2.192  -1.800  -0.721
  4.033  -1.168  -0.176
  4.393  -0.334   0.183
  2.175   0.355  -0.568
  2.495   0.505  -1.608
  2.839   1.276   0.309
  2.716   2.173  -0.050
  0.657   0.498  -0.495
  0.071   0.100   0.848
  0.410   1.537  -0.743
 -1.878   1.675   0.663
 -1.436   2.172  -0.192
 -3.116   2.097   1.106
 -3.598   2.943   0.620
 -3.739   1.475   2.209
 -4.718   1.811   2.544
 -3.108   0.428   2.846
 -3.564  -0.046   3.715
 -1.826  -0.013   2.430
 -1.218   0.569   1.265
