 -3.861  -1.501  -3.007
 -1.803  -1.284  -2.243
 -1.825  -0.594  -3.436
 -3.077  -0.763  -3.854
 -3.476  -0.360  -4.779
 -1.098  -2.115  -0.146
 -2.346  -2.614   0.003
 -2.522  -3.160   0.927
 -3.386  -2.529  -0.842
 -3.050  -1.858  -1.951
 -0.820  -1.411  -1.251
  0.451  -0.864  -1.400
  0.536  -0.499  -2.351
 -5.252  -1.890  -3.172
 -5.325  -2.882  -3.625
 -5.753  -1.156  -3.805
 -5.718  -1.910  -2.187
 -1.813   0.388   2.920
 -2.526   0.405   3.743
 -0.571  -0.181   3.087
  0.353  -0.230   2.017
 -0.281  -0.612   4.041
  1.703  -0.843   2.270
  2.363  -0.071   2.699
  1.570  -1.922   3.196
  2.443  -2.361   3.178
  2.345  -1.344   0.987
  1.767  -2.195   0.614
  3.664  -1.823   1.269
  4.197  -1.014   1.397
  2.362  -0.240  -0.045
  2.880  -0.596  -0.948
  3.091   0.838   0.560
  3.288   1.494  -0.131
  0.933   0.159  -0.421
  0.016   0.287   0.772
  0.983   1.131  -0.938
 -1.676   1.448  -0.666
 -1.011   1.434  -1.524
 -2.929   2.012  -0.818
 -3.219   2.415  -1.786
 -3.841   2.039   0.258
 -4.823   2.488   0.128
 -3.469   1.526   1.484
 -4.165   1.540   2.322
 -2.196   0.930   1.668
 -1.258   0.912   0.583
