 -3.809  -2.020  -3.067
 -1.895  -1.248  -2.298
 -2.169  -0.492  -3.416
 -3.323  -0.999  -3.843
 -3.863  -0.652  -4.716
 -0.855  -2.053  -0.332
 -1.891  -2.918  -0.220
 -1.850  -3.576   0.645
 -2.948  -3.066  -1.030
 -2.888  -2.204  -2.058
 -0.843  -1.199  -1.364
  0.184  -0.304  -1.524
  0.024   0.304  -2.322
 -5.013  -2.809  -3.266
 -4.807  -3.683  -3.889
 -5.775  -2.188  -3.740
 -5.362  -3.141  -2.287
 -1.845   0.647   2.982
 -2.554   0.691   3.807
 -0.691  -0.094   3.093
  0.221  -0.179   2.016
 -0.465  -0.637   4.006
  1.483  -0.975   2.219
  2.244  -0.310   2.661
  1.224  -2.058   3.115
  2.034  -2.603   3.065
  2.042  -1.519   0.916
  1.354  -2.275   0.532
  3.293  -2.169   1.169
  3.926  -1.435   1.295
  2.202  -0.398  -0.085
  2.600  -0.797  -1.028
  3.150   0.499   0.525
  3.486   1.095  -0.167
  0.878   0.323  -0.383
 -0.036   0.481   0.819
  1.163   1.324  -0.741
 -1.537   2.011  -0.488
 -0.857   2.018  -1.333
 -2.688   2.771  -0.570
 -2.905   3.317  -1.486
 -3.601   2.813   0.505
 -4.506   3.409   0.428
 -3.316   2.128   1.668
 -4.007   2.158   2.510
 -2.142   1.340   1.783
 -1.210   1.289   0.693
