                          Input orientation:                          

 ---------------------------------------------------------------------

 Center     Atomic      Atomic             Coordinates (Angstroms)

 Number     Number       Type             X           Y           Z

 ---------------------------------------------------------------------

      1          7           0       -3.683119   -2.213583   -3.935417

      2          6           0       -2.580046   -1.206026   -2.318298

      3          7           0       -3.109437   -2.339820   -1.744893

      4          6           0       -3.759287   -2.909488   -2.755545

      5          1           0       -4.315524   -3.837314   -2.685145

      6          7           0       -1.386432    0.822789   -2.614132

      7          6           0       -1.787512    0.783613   -3.907734

      8          1           0       -1.444306    1.613590   -4.522196

      9          7           0       -2.547156   -0.128645   -4.525385

     10          6           0       -2.911103   -1.103505   -3.673647

     11          6           0       -1.771337   -0.175856   -1.797103

     12          7           0       -1.456119   -0.133643   -0.469725

     13          1           0       -1.715158   -0.976683    0.039600

     14          6           0       -4.227251   -2.578416   -5.233540

     15          1           0       -3.527956   -3.214169   -5.781843

     16          1           0       -4.395274   -1.659870   -5.796366

     17          1           0       -5.172619   -3.104393   -5.092004

     18          6           0       -0.036113   -0.635428    4.218405

     19          1           0        0.018175   -0.941501    5.262407

     20          6           0        0.931562   -1.035225    3.326881

     21          6           0        0.873982   -0.638364    1.968310

     22          1           0        1.738492   -1.692035    3.638407

     23          6           0        2.003764   -1.050514    1.065043

     24          1           0        2.829169   -0.329916    1.186428

     25          8           0        2.449392   -2.357356    1.431372

     26          1           0        3.083383   -2.599832    0.728590

     27          6           0        1.590776   -1.039502   -0.393748

     28          1           0        0.871794   -1.849621   -0.562096

     29          8           0        2.725684   -1.331819   -1.214844

     30          1           0        3.228783   -0.493940   -1.236373

     31          6           0        0.977534    0.291984   -0.757685

     32          1           0        0.731481    0.303365   -1.823618

     33          8           0        1.999401    1.265542   -0.483815

     34          1           0        1.750289    2.082669   -0.951216

     35          6           0       -0.288563    0.583875    0.062715

     36          6           0       -0.154779    0.182298    1.517920

     37          1           0       -0.483659    1.662665   -0.018380

     38          6           0       -2.252573    1.448454    2.036678

     39          1           0       -2.364357    1.735490    0.995694

     40          6           0       -3.204145    1.855221    2.951407

     41          1           0       -4.017853    2.500453    2.627649

     42          6           0       -3.115485    1.468006    4.306461

     43          1           0       -3.873746    1.793224    5.015028

     44          6           0       -2.088255    0.645512    4.718153

     45          1           0       -2.010179    0.338310    5.760100

     46          6           0       -1.087621    0.221707    3.807218

     47          6           0       -1.181698    0.597700    2.427282

 ---------------------------------------------------------------------

