 -4.254  -1.894  -3.501
 -2.523  -1.341  -2.258
 -2.898  -2.591  -1.822
 -3.936  -2.880  -2.601
 -4.507  -3.800  -2.550
 -1.392   0.737  -2.444
 -2.266   1.041  -3.435
 -2.127   2.021  -3.887
 -3.263   0.301  -3.931
 -3.341  -0.884  -3.297
 -1.508  -0.458  -1.836
 -0.637  -0.801  -0.848
 -0.898  -1.623  -0.309
 -5.290  -1.905  -4.521
 -4.916  -2.343  -5.449
 -5.591  -0.874  -4.705
 -6.143  -2.481  -4.158
 -0.287  -0.440   4.060
 -0.425  -0.617   5.126
  0.903  -0.765   3.451
  1.088  -0.542   2.065
  1.705  -1.237   4.012
  2.433  -0.855   1.464
  3.097   0.008   1.634
  2.976  -2.012   2.102
  3.783  -2.213   1.588
  2.363  -1.090  -0.037
  1.833  -2.030  -0.222
  3.686  -1.264  -0.552
  4.046  -0.357  -0.609
  1.645   0.054  -0.715
  1.600  -0.121  -1.799
  2.436   1.215  -0.423
  2.109   1.941  -0.984
  0.214   0.192  -0.191
  0.077   0.037   1.305
 -0.148   1.178  -0.508
 -2.228   1.009   1.203
 -2.133   1.203   0.138
 -3.407   1.346   1.838
 -4.206   1.819   1.271
 -3.574   1.115   3.221
 -4.509   1.382   3.707
 -2.559   0.525   3.946
 -2.674   0.348   5.014
 -1.331   0.180   3.327
 -1.169   0.385   1.918
