 -3.800  -2.125  -3.963
 -2.607  -1.252  -2.333
 -3.135  -2.412  -1.814
 -3.840  -2.899  -2.831
 -4.412  -3.819  -2.799
 -1.387   0.774  -2.545
 -1.849   0.832  -3.817
 -1.518   1.697  -4.389
 -2.651  -0.024  -4.461
 -2.994  -1.050  -3.662
 -1.757  -0.272  -1.780
 -1.370  -0.323  -0.476
 -1.599  -1.185   0.012
 -4.410  -2.389  -5.257
 -3.753  -3.006  -5.876
 -4.574  -1.431  -5.751
 -5.363  -2.898  -5.109
  0.003  -0.514   4.262
  0.055  -0.758   5.322
  1.011  -0.902   3.410
  0.955  -0.586   2.030
  1.850  -1.489   3.771
  2.122  -0.976   1.167
  2.892  -0.191   1.241
  2.657  -2.219   1.626
  3.309  -2.466   0.942
  1.725  -1.100  -0.291
  1.056  -1.961  -0.400
  2.882  -1.386  -1.082
  3.330  -0.521  -1.174
  1.038   0.161  -0.761
  0.783   0.065  -1.822
  2.008   1.207  -0.586
  1.702   1.969  -1.111
 -0.240   0.453   0.041
 -0.114   0.141   1.518
 -0.474   1.517  -0.104
 -2.284   1.321   1.933
 -2.389   1.551   0.878
 -3.273   1.725   2.810
 -4.112   2.309   2.439
 -3.190   1.413   4.184
 -3.978   1.734   4.862
 -2.128   0.671   4.657
 -2.053   0.426   5.715
 -1.089   0.256   3.786
 -1.178   0.550   2.386
