 -4.080  -1.941  -3.835
 -2.626  -1.301  -2.313
 -3.225  -2.425  -1.792
 -4.086  -2.772  -2.744
 -4.752  -3.626  -2.691
 -1.239   0.614  -2.550
 -1.828   0.797  -3.757
 -1.477   1.664  -4.314
 -2.772   0.062  -4.353
 -3.130  -0.978  -3.576
 -1.629  -0.440  -1.806
 -1.069  -0.637  -0.588
 -1.430  -1.395  -0.018
 -4.852  -2.057  -5.062
 -4.352  -2.718  -5.773
 -4.940  -1.061  -5.496
 -5.844  -2.447  -4.828
 -0.039  -0.400   4.245
 -0.041  -0.576   5.320
  1.063  -0.728   3.490
  1.074  -0.504   2.092
  1.929  -1.201   3.944
  2.330  -0.821   1.326
  3.004   0.050   1.382
  2.965  -1.959   1.910
  3.678  -2.183   1.280
  2.044  -1.093  -0.140
  1.470  -2.023  -0.219
  3.276  -1.315  -0.832
  3.637  -0.418  -0.976
  1.269   0.051  -0.750
  1.070  -0.158  -1.807
  2.123   1.198  -0.626
  1.761   1.885  -1.213
 -0.072   0.272  -0.035
 -0.024   0.074   1.463
 -0.390   1.298  -0.268
 -2.320   1.057   1.656
 -2.364   1.231   0.585
 -3.405   1.405   2.436
 -4.266   1.884   1.975
 -3.395   1.178   3.830
 -4.258   1.453   4.431
 -2.302   0.576   4.419
 -2.282   0.400   5.493
 -1.166   0.222   3.649
 -1.182   0.424   2.230
