 -3.755  -1.641  -3.437
 -1.859  -1.405  -2.333
 -1.594  -0.968  -3.613
 -2.758  -1.140  -4.234
 -2.939  -0.905  -5.277
 -1.618  -1.884  -0.032
 -2.922  -2.242  -0.040
 -3.317  -2.582   0.915
 -3.784  -2.247  -1.070
 -3.190  -1.825  -2.193
 -1.076  -1.426  -1.168
  0.271  -1.070  -1.198
  0.530  -0.909  -2.175
 -5.120  -1.978  -3.804
 -5.191  -3.024  -4.112
 -5.442  -1.329  -4.619
 -5.753  -1.817  -2.930
 -1.565   0.486   3.232
 -2.181   0.553   4.128
 -0.320  -0.098   3.286
  0.478  -0.207   2.123
  0.071  -0.486   4.221
  1.860  -0.786   2.265
  2.533   0.016   2.611
  1.839  -1.839   3.230
  2.728  -2.239   3.168
  2.404  -1.308   0.947
  1.844  -2.203   0.661
  3.768  -1.709   1.117
  4.267  -0.871   1.166
  2.263  -0.254  -0.128
  2.714  -0.630  -1.060
  2.991   0.884   0.353
  3.057   1.529  -0.372
  0.786   0.061  -0.375
  0.005   0.253   0.900
  0.739   0.993  -0.963
 -1.814   1.401  -0.387
 -1.248   1.339  -1.313
 -3.065   1.987  -0.422
 -3.456   2.363  -1.365
 -3.849   2.078   0.748
 -4.832   2.542   0.710
 -3.351   1.604   1.944
 -3.947   1.667   2.854
 -2.076   0.986   2.008
 -1.269   0.901   0.827
