 -4.230  -2.019  -2.906
 -2.286  -1.289  -2.171
 -2.310  -2.630  -1.864
 -3.492  -3.022  -2.330
 -3.873  -4.035  -2.268
 -1.598   0.970  -2.319
 -2.778   1.217  -2.932
 -2.937   2.251  -3.233
 -3.766   0.361  -3.226
 -3.459  -0.881  -2.818
 -1.339  -0.283  -1.908
 -0.124  -0.586  -1.338
 -0.137  -1.542  -0.979
 -5.533  -2.111  -3.544
 -5.429  -2.342  -4.607
 -6.031  -1.148  -3.433
 -6.118  -2.890  -3.052
 -0.809  -0.825   3.546
 -1.164  -1.171   4.516
  0.441  -1.178   3.096
  0.899  -0.746   1.828
  1.081  -1.830   3.684
  2.320  -1.086   1.453
  2.976  -0.337   1.927
  2.644  -2.387   1.949
  3.547  -2.555   1.616
  2.585  -1.035  -0.042
  2.112  -1.902  -0.515
  3.988  -1.175  -0.284
  4.360  -0.295  -0.077
  2.041   0.248  -0.628
  2.237   0.277  -1.708
  2.755   1.292   0.050
  2.554   2.132  -0.399
  0.533   0.351  -0.405
  0.102   0.067   1.022
  0.222   1.353  -0.722
 -2.013   1.395   0.783
 -1.704   1.775  -0.184
 -3.246   1.775   1.280
 -3.859   2.471   0.711
 -3.695   1.307   2.533
 -4.669   1.609   2.911
 -2.903   0.446   3.263
 -3.228   0.090   4.240
 -1.626   0.051   2.789
 -1.186   0.483   1.492
