 -3.768  -2.501  -2.761
 -1.998  -1.303  -2.221
 -1.533  -2.590  -2.375
 -2.631  -3.267  -2.696
 -2.660  -4.331  -2.902
 -2.073   1.017  -1.780
 -3.403   0.950  -2.016
 -3.941   1.890  -1.915
 -4.141  -0.117  -2.357
 -3.378  -1.217  -2.448
 -1.353  -0.110  -1.855
  0.019  -0.074  -1.680
  0.357  -1.036  -1.731
 -5.131  -2.932  -3.021
 -5.644  -2.139  -3.566
 -5.660  -3.126  -2.085
 -5.106  -3.840  -3.626
 -1.379  -0.874   3.031
 -1.913  -1.306   3.877
 -0.199  -1.431   2.596
  0.487  -0.883   1.487
  0.211  -2.316   3.073
  1.874  -1.411   1.209
  2.549  -0.911   1.924
  1.908  -2.822   1.434
  2.827  -3.082   1.230
  2.402  -1.105  -0.182
  1.941  -1.808  -0.884
  3.803  -1.383  -0.239
  4.222  -0.619   0.203
  2.110   0.334  -0.564
  2.482   0.529  -1.581
  2.833   1.112   0.398
  2.798   2.044   0.121
  0.611   0.626  -0.514
 -0.024   0.224   0.805
  0.477   1.700  -0.693
 -1.654   2.138   0.828
 -1.170   2.607  -0.019
 -2.764   2.750   1.375
 -3.089   3.713   0.986
 -3.456   2.163   2.457
 -4.338   2.649   2.869
 -3.021   0.960   2.970
 -3.530   0.506   3.819
 -1.861   0.327   2.456
 -1.195   0.880   1.309
