 -4.241  -1.857  -3.604
 -2.573  -1.331  -2.268
 -3.087  -2.502  -1.761
 -4.081  -2.779  -2.600
 -4.731  -3.643  -2.521
 -1.254   0.626  -2.531
 -2.018   0.905  -3.616
 -1.761   1.826  -4.135
 -3.034   0.205  -4.130
 -3.264  -0.907  -3.407
 -1.520  -0.496  -1.837
 -0.759  -0.809  -0.754
 -1.116  -1.556  -0.165
 -5.191  -1.879  -4.704
 -4.804  -2.469  -5.539
 -5.344  -0.850  -5.032
 -6.135  -2.302  -4.358
 -0.187  -0.403   4.138
 -0.275  -0.564   5.212
  0.984  -0.709   3.484
  1.105  -0.506   2.088
  1.821  -1.151   4.018
  2.429  -0.796   1.433
  3.076   0.089   1.548
  3.034  -1.920   2.073
  3.813  -2.121   1.518
  2.289  -1.073  -0.055
  1.762  -2.025  -0.189
  3.588  -1.245  -0.629
  3.929  -0.335  -0.734
  1.525   0.042  -0.730
  1.426  -0.166  -1.804
  2.315   1.221  -0.517
  1.960   1.915  -1.101
  0.121   0.185  -0.138
  0.048   0.034   1.363
 -0.248   1.177  -0.435
 -2.284   0.945   1.343
 -2.240   1.115   0.270
 -3.443   1.266   2.022
 -4.276   1.710   1.482
 -3.544   1.058   3.415
 -4.464   1.311   3.936
 -2.486   0.504   4.105
 -2.552   0.343   5.180
 -1.277   0.177   3.440
 -1.180   0.360   2.022
