 -3.704  -2.286  -3.531
 -2.568  -0.958  -2.193
 -3.483  -1.592  -1.384
 -4.139  -2.378  -2.233
 -4.953  -3.039  -1.958
 -0.804   0.440  -2.920
 -1.018  -0.061  -4.161
 -0.361   0.333  -4.934
 -1.925  -0.958  -4.562
 -2.676  -1.370  -3.524
 -1.561  -0.010  -1.905
 -1.460   0.477  -0.632
 -2.095  -0.016  -0.005
 -4.156  -3.041  -4.688
 -3.588  -3.968  -4.792
 -4.001  -2.425  -5.574
 -5.217  -3.268  -4.576
 -0.286  -1.144   3.843
 -0.304  -1.692   4.785
  0.676  -1.418   2.899
  0.711  -0.711   1.673
  1.405  -2.207   3.060
  1.841  -1.004   0.724
  2.727  -0.445   1.066
  2.124  -2.405   0.745
  2.792  -2.526   0.042
  1.543  -0.560  -0.697
  0.795  -1.233  -1.130
  2.723  -0.707  -1.494
  3.285   0.049  -1.234
  1.041   0.865  -0.706
  0.910   1.199  -1.738
  2.072   1.629  -0.050
  1.946   2.562  -0.297
 -0.270   1.006   0.075
 -0.216   0.292   1.413
 -0.415   2.084   0.239
 -2.211   1.602   2.180
 -2.250   2.147   1.240
 -3.163   1.870   3.144
 -3.903   2.647   2.966
 -3.165   1.169   4.369
 -3.921   1.389   5.120
 -2.231   0.180   4.594
 -2.224  -0.370   5.535
 -1.235  -0.114   3.629
 -1.234   0.586   2.377
