 -3.933  -2.037  -3.932
 -2.622  -1.285  -2.333
 -3.169  -2.446  -1.836
 -3.945  -2.860  -2.834
 -4.551  -3.758  -2.811
 -1.342   0.708  -2.519
 -1.869   0.841  -3.760
 -1.539   1.722  -4.309
 -2.733   0.044  -4.397
 -3.070  -1.008  -3.628
 -1.710  -0.359  -1.782
 -1.240  -0.490  -0.516
 -1.491  -1.337  -0.015
 -4.620  -2.218  -5.201
 -4.026  -2.836  -5.878
 -4.763  -1.233  -5.646
 -5.588  -2.689  -5.023
  0.001  -0.433   4.270
  0.033  -0.633   5.340
  1.053  -0.799   3.463
  1.020  -0.542   2.071
  1.911  -1.325   3.871
  2.230  -0.901   1.252
  2.951  -0.069   1.305
  2.824  -2.087   1.781
  3.504  -2.328   1.122
  1.877  -1.117  -0.208
  1.256  -2.016  -0.289
  3.069  -1.380  -0.955
  3.470  -0.497  -1.086
  1.138   0.081  -0.757
  0.899  -0.086  -1.814
  2.052   1.181  -0.630
  1.709   1.900  -1.190
 -0.167   0.348   0.009
 -0.071   0.105   1.500
 -0.442   1.394  -0.185
 -2.306   1.192   1.808
 -2.387   1.383   0.742
 -3.339   1.578   2.640
 -4.193   2.107   2.224
 -3.283   1.321   4.027
 -4.106   1.626   4.669
 -2.200   0.653   4.557
 -2.144   0.452   5.626
 -1.115   0.259   3.734
 -1.179   0.493   2.321
