 -4.026  -2.033  -3.325
 -2.675  -0.763  -2.140
 -3.873  -0.748  -1.464
 -4.649  -1.526  -2.213
 -5.687  -1.753  -1.998
 -0.420  -0.350  -2.719
 -0.627  -1.146  -3.796
  0.238  -1.274  -4.443
 -1.742  -1.786  -4.167
 -2.736  -1.552  -3.292
 -1.433  -0.150  -1.860
 -1.349   0.691  -0.787
 -2.200   0.636  -0.229
 -4.559  -2.954  -4.316
 -4.402  -3.990  -4.006
 -4.035  -2.777  -5.256
 -5.626  -2.764  -4.445
 -0.310  -1.402   3.574
 -0.377  -2.060   4.439
  0.768  -1.476   2.724
  0.851  -0.639   1.585
  1.559  -2.202   2.888
  2.102  -0.691   0.751
  2.831   0.011   1.189
  2.640  -2.014   0.774
  3.348  -1.992   0.101
  1.853  -0.273  -0.685
  1.247  -1.035  -1.179
  3.100  -0.232  -1.386
  3.514   0.602  -1.088
  1.155   1.069  -0.744
  0.999   1.347  -1.791
  2.075   1.977  -0.104
  1.843   2.879  -0.385
 -0.177   1.091   0.020
 -0.155   0.282   1.308
 -0.341   2.149   0.272
 -2.257   1.422   2.077
 -2.213   2.136   1.257
 -3.301   1.523   2.975
 -4.051   2.299   2.841
 -3.385   0.650   4.080
 -4.216   0.732   4.777
 -2.414  -0.312   4.266
 -2.457  -0.979   5.126
 -1.321  -0.428   3.372
 -1.253   0.422   2.218
