 -3.587  -2.333  -3.645
 -2.536  -1.022  -2.223
 -3.285  -1.875  -1.445
 -3.895  -2.641  -2.344
 -4.585  -3.443  -2.105
 -1.044   0.694  -2.878
 -1.290   0.319  -4.156
 -0.761   0.893  -4.914
 -2.099  -0.647  -4.609
 -2.697  -1.283  -3.587
 -1.648   0.022  -1.883
 -1.508   0.383  -0.570
 -2.019  -0.258   0.037
 -4.027  -3.002  -4.858
 -3.328  -3.793  -5.139
 -4.072  -2.262  -5.658
 -5.018  -3.427  -4.691
 -0.246  -1.030   3.955
 -0.244  -1.525   4.926
  0.686  -1.366   3.002
  0.697  -0.725   1.739
  1.410  -2.155   3.186
  1.793  -1.089   0.775
  2.699  -0.528   1.059
  2.052  -2.491   0.863
  2.692  -2.663   0.145
  1.453  -0.714  -0.655
  0.672  -1.390  -1.021
  2.596  -0.935  -1.488
  3.186  -0.180  -1.293
  0.987   0.721  -0.723
  0.825   1.008  -1.765
  2.058   1.493  -0.150
  1.940   2.415  -0.440
 -0.299   0.933   0.087
 -0.225   0.276   1.451
 -0.422   2.020   0.203
 -2.194   1.636   2.191
 -2.259   2.117   1.219
 -3.119   1.965   3.163
 -3.860   2.735   2.960
 -3.093   1.335   4.426
 -3.827   1.603   5.182
 -2.160   0.352   4.683
 -2.133  -0.144   5.652
 -1.192  -0.003   3.710
 -1.219   0.626   2.422
