 -3.866  -1.681  -2.924
 -1.824  -1.210  -2.241
 -2.013  -0.452  -3.376
 -3.248  -0.777  -3.749
 -3.755  -0.374  -4.619
 -0.872  -2.094  -0.265
 -2.027  -2.780  -0.095
 -2.065  -3.410   0.791
 -3.118  -2.784  -0.875
 -2.953  -1.984  -1.938
 -0.763  -1.281  -1.324
  0.397  -0.553  -1.512
  0.334  -0.031  -2.386
 -5.191  -2.265  -3.057
 -5.147  -3.203  -3.616
 -5.842  -1.558  -3.572
 -5.575  -2.462  -2.056
 -1.878   0.468   2.872
 -2.611   0.484   3.677
 -0.672  -0.173   3.040
  0.276  -0.219   1.991
 -0.430  -0.663   3.978
  1.578  -0.931   2.243
  2.281  -0.221   2.712
  1.353  -2.030   3.128
  2.193  -2.529   3.102
  2.208  -1.433   0.956
  1.575  -2.223   0.543
  3.483  -2.017   1.246
  4.070  -1.253   1.409
  2.333  -0.295  -0.030
  2.824  -0.654  -0.946
  3.153   0.685   0.631
  3.445   1.330  -0.037
  0.957   0.268  -0.405
  0.003   0.379   0.766
  1.128   1.274  -0.820
 -1.599   1.680  -0.657
 -0.909   1.684  -1.494
 -2.817   2.313  -0.812
 -3.064   2.771  -1.767
 -3.756   2.333   0.242
 -4.712   2.835   0.110
 -3.439   1.747   1.450
 -4.155   1.756   2.272
 -2.202   1.081   1.636
 -1.236   1.069   0.575
