 -3.928  -2.292  -2.568
 -2.043  -1.239  -2.123
 -1.744  -2.579  -2.019
 -2.905  -3.165  -2.293
 -3.064  -4.238  -2.311
 -1.834   1.114  -2.098
 -3.148   1.166  -2.416
 -3.561   2.166  -2.529
 -4.002   0.152  -2.617
 -3.389  -1.030  -2.459
 -1.266  -0.087  -1.925
  0.094  -0.175  -1.662
  0.312  -1.170  -1.558
 -5.322  -2.597  -2.844
 -5.701  -1.859  -3.551
 -5.915  -2.553  -1.927
 -5.388  -3.595  -3.279
 -1.297  -1.039   3.005
 -1.816  -1.504   3.843
 -0.060  -1.494   2.615
  0.607  -0.906   1.514
  0.411  -2.334   3.118
  2.031  -1.339   1.261
  2.666  -0.771   1.962
  2.164  -2.737   1.527
  3.098  -2.937   1.321
  2.540  -1.038  -0.139
  2.117  -1.776  -0.828
  3.954  -1.241  -0.190
  4.330  -0.443   0.231
  2.167   0.371  -0.552
  2.526   0.566  -1.572
  2.841   1.212   0.394
  2.759   2.133   0.090
  0.654   0.574  -0.510
  0.026   0.147   0.805
  0.456   1.633  -0.712
 -1.782   1.891   0.729
 -1.311   2.393  -0.108
 -2.972   2.396   1.216
 -3.378   3.312   0.791
 -3.642   1.765   2.286
 -4.584   2.167   2.653
 -3.107   0.625   2.846
 -3.599   0.140   3.688
 -1.872   0.100   2.389
 -1.220   0.695   1.255
