 -3.595  -2.286  -3.865
 -2.552  -1.151  -2.293
 -3.113  -2.231  -1.650
 -3.725  -2.880  -2.635
 -4.290  -3.797  -2.511
 -1.333   0.840  -2.704
 -1.676   0.694  -4.006
 -1.300   1.467  -4.672
 -2.418  -0.263  -4.578
 -2.827  -1.160  -3.664
 -1.757  -0.085  -1.823
 -1.508   0.057  -0.486
 -1.828  -0.745   0.055
 -4.086  -2.757  -5.150
 -3.364  -3.431  -5.617
 -4.233  -1.888  -5.792
 -5.035  -3.275  -5.004
 -0.100  -0.770   4.149
 -0.055  -1.142   5.172
  0.837  -1.167   3.224
  0.793  -0.684   1.893
  1.608  -1.885   3.486
  1.893  -1.102   0.956
  2.765  -0.451   1.132
  2.247  -2.460   1.222
  2.872  -2.690   0.507
  1.489  -0.950  -0.497
  0.729  -1.704  -0.733
  2.612  -1.235  -1.337
  3.165  -0.431  -1.281
  0.950   0.438  -0.749
  0.727   0.560  -1.813
  2.010   1.331  -0.365
  1.820   2.196  -0.768
 -0.314   0.715   0.078
 -0.190   0.221   1.506
 -0.475   1.803   0.065
 -2.222   1.552   2.118
 -2.328   1.903   1.096
 -3.147   1.948   3.064
 -3.932   2.648   2.786
 -3.067   1.478   4.393
 -3.804   1.797   5.127
 -2.079   0.583   4.746
 -2.010   0.210   5.766
 -1.107   0.166   3.802
 -1.190   0.630   2.448
