 -3.611  -1.910  -1.436
 -1.708  -0.872  -1.857
 -1.348  -2.089  -1.328
 -2.520  -2.665  -1.082
 -2.639  -3.655  -0.655
 -1.598   1.362  -2.621
 -2.944   1.319  -2.742
 -3.409   2.213  -3.152
 -3.781   0.327  -2.394
 -3.108  -0.737  -1.945
 -0.967   0.280  -2.145
  0.427   0.375  -1.910
  0.776  -0.582  -2.034
 -5.017  -2.193  -1.199
 -5.589  -1.896  -2.079
 -5.368  -1.629  -0.331
 -5.135  -3.263  -1.025
 -1.766  -1.546   2.138
 -2.430  -2.171   2.735
 -0.431  -1.858   2.025
  0.423  -1.075   1.217
 -0.025  -2.749   2.495
  1.882  -1.452   1.176
  2.387  -0.942   2.013
  2.021  -2.865   1.326
  2.974  -3.028   1.186
  2.566  -1.011  -0.105
  2.192  -1.640  -0.921
  3.969  -1.274  -0.020
  4.317  -0.551   0.539
  2.297   0.457  -0.368
  2.792   0.765  -1.299
  2.875   1.134   0.758
  2.897   2.085   0.553
  0.802   0.742  -0.495
 -0.049   0.069   0.567
  0.681   1.832  -0.437
 -1.924   1.718   0.318
 -1.291   2.400  -0.240
 -3.253   2.051   0.502
 -3.623   3.003   0.128
 -4.120   1.192   1.210
 -5.166   1.463   1.341
 -3.638   0.005   1.722
 -4.284  -0.644   2.313
 -2.273  -0.352   1.572
 -1.406   0.478   0.781
