 -3.683  -2.214  -3.935
 -2.580  -1.206  -2.318
 -3.109  -2.340  -1.745
 -3.759  -2.909  -2.756
 -4.316  -3.837  -2.685
 -1.386   0.823  -2.614
 -1.788   0.784  -3.908
 -1.444   1.614  -4.522
 -2.547  -0.129  -4.525
 -2.911  -1.104  -3.674
 -1.771  -0.176  -1.797
 -1.456  -0.134  -0.470
 -1.715  -0.977   0.040
 -4.227  -2.578  -5.234
 -3.528  -3.214  -5.782
 -4.395  -1.660  -5.796
 -5.173  -3.104  -5.092
 -0.036  -0.635   4.218
  0.018  -0.942   5.262
  0.932  -1.035   3.327
  0.874  -0.638   1.968
  1.738  -1.692   3.638
  2.004  -1.051   1.065
  2.829  -0.330   1.186
  2.449  -2.357   1.431
  3.083  -2.600   0.729
  1.591  -1.040  -0.394
  0.872  -1.850  -0.562
  2.726  -1.332  -1.215
  3.229  -0.494  -1.236
  0.978   0.292  -0.758
  0.731   0.303  -1.824
  1.999   1.266  -0.484
  1.750   2.083  -0.951
 -0.289   0.584   0.063
 -0.155   0.182   1.518
 -0.484   1.663  -0.018
 -2.253   1.448   2.037
 -2.364   1.735   0.996
 -3.204   1.855   2.951
 -4.018   2.500   2.628
 -3.115   1.468   4.306
 -3.874   1.793   5.015
 -2.088   0.646   4.718
 -2.010   0.338   5.760
 -1.088   0.222   3.807
 -1.182   0.598   2.427
