 -3.820  -1.546  -3.212
 -1.830  -1.342  -2.283
 -1.718  -0.748  -3.521
 -2.933  -0.906  -4.039
 -3.232  -0.563  -5.023
 -1.343  -2.038  -0.077
 -2.623  -2.468  -0.002
 -2.904  -2.928   0.943
 -3.582  -2.412  -0.940
 -3.122  -1.844  -2.062
 -0.938  -1.438  -1.205
  0.377  -0.987  -1.302
  0.549  -0.721  -2.274
 -5.205  -1.902  -3.476
 -5.275  -2.916  -3.876
 -5.625  -1.192  -4.190
 -5.753  -1.848  -2.534
 -1.696   0.438   3.068
 -2.363   0.486   3.928
 -0.450  -0.134   3.186
  0.416  -0.218   2.070
 -0.110  -0.537   4.136
  1.785  -0.806   2.275
  2.448  -0.014   2.661
  1.709  -1.868   3.227
  2.593  -2.285   3.193
  2.384  -1.321   0.978
  1.818  -2.198   0.650
  3.728  -1.757   1.212
  4.243  -0.930   1.297
  2.323  -0.247  -0.083
  2.813  -0.615  -0.998
  3.047   0.868   0.458
  3.178   1.517  -0.254
  0.868   0.101  -0.403
  0.013   0.261   0.830
  0.865   1.051  -0.961
 -1.745   1.399  -0.548
 -1.129   1.352  -1.441
 -2.999   1.973  -0.647
 -3.337   2.357  -1.607
 -3.849   2.043   0.478
 -4.833   2.499   0.389
 -3.416   1.556   1.694
 -4.064   1.603   2.568
 -2.140   0.952   1.825
 -1.266   0.889   0.690
