 -4.262  -1.926  -3.393
 -2.473  -1.340  -2.251
 -2.733  -2.639  -1.878
 -3.811  -2.946  -2.594
 -4.318  -3.904  -2.565
 -1.494   0.816  -2.370
 -2.462   1.126  -3.267
 -2.421   2.142  -3.656
 -3.448   0.356  -3.738
 -3.401  -0.871  -3.187
 -1.486  -0.421  -1.842
 -0.515  -0.780  -0.955
 -0.700  -1.653  -0.465
 -5.377  -1.938  -4.326
 -5.058  -2.304  -5.305
 -5.741  -0.915  -4.426
 -6.168  -2.577  -3.932
 -0.390  -0.494   3.972
 -0.576  -0.696   5.026
  0.816  -0.832   3.403
  1.062  -0.580   2.031
  1.584  -1.336   3.983
  2.427  -0.906   1.484
  3.100  -0.064   1.714
  2.915  -2.094   2.112
  3.746  -2.292   1.639
  2.429  -1.093  -0.024
  1.903  -2.023  -0.265
  3.774  -1.265  -0.480
  4.146  -0.362  -0.487
  1.754   0.078  -0.699
  1.765  -0.061  -1.790
  2.537   1.221  -0.326
  2.240   1.973  -0.868
  0.299   0.210  -0.244
  0.097   0.042   1.245
 -0.054   1.194  -0.575
 -2.177   1.078   1.080
 -2.035   1.302   0.027
 -3.374   1.426   1.677
 -4.136   1.936   1.091
 -3.602   1.162   3.045
 -4.550   1.438   3.501
 -2.632   0.528   3.792
 -2.793   0.326   4.850
 -1.388   0.170   3.214
 -1.164   0.407   1.818
