 -3.850  -2.194  -3.456
 -2.616  -0.895  -2.177
 -3.684  -1.269  -1.393
 -4.393  -2.048  -2.205
 -5.324  -2.534  -1.936
 -0.594   0.106  -2.886
 -0.793  -0.511  -4.076
 -0.021  -0.327  -4.821
 -1.802  -1.302  -4.457
 -2.687  -1.455  -3.455
 -1.492  -0.083  -1.904
 -1.413   0.533  -0.689
 -2.159   0.213  -0.071
 -4.329  -3.014  -4.556
 -3.926  -4.027  -4.489
 -3.994  -2.556  -5.487
 -5.419  -3.047  -4.531
 -0.287  -1.234   3.751
 -0.320  -1.821   4.667
  0.716  -1.435   2.832
  0.764  -0.679   1.635
  1.469  -2.202   2.988
  1.939  -0.886   0.718
  2.778  -0.284   1.103
  2.304  -2.267   0.718
  2.993  -2.333   0.028
  1.662  -0.429  -0.704
  0.967  -1.130  -1.175
  2.873  -0.496  -1.462
  3.384   0.284  -1.168
  1.085   0.968  -0.707
  0.959   1.305  -1.738
  2.066   1.773  -0.021
  1.900   2.702  -0.259
 -0.242   1.043   0.056
 -0.194   0.295   1.378
 -0.412   2.112   0.251
 -2.235   1.533   2.149
 -2.250   2.137   1.246
 -3.221   1.736   3.095
 -3.970   2.508   2.932
 -3.247   0.975   4.283
 -4.030   1.141   5.019
 -2.294   0.001   4.492
 -2.301  -0.591   5.407
 -1.262  -0.225   3.547
 -1.242   0.529   2.326
